2 0.2606770828125 0.5259259265625 0.26328125 0.5574074078125 0.2677083328125 0.61898148125 0.2455729171875 0.6754629624999999 0.2403645828125 0.68148148125 0.22161458281250002 0.684722221875 0.215625 0.6958333328124999 0.2260416671875 0.7129629625 0.2606770828125 0.7115740734375 0.2640625 0.7162037031249999 0.2606770828125 0.7333333328125 0.2580729171875 0.7430555562500001 0.2536458328125 0.7740740734375 0.2552083328125 0.79444444375 0.2828125 0.8041666671875 0.2854166671875 0.815277778125 0.3046875 0.840277778125 0.3348958328125 0.833796296875 0.34817708281250004 0.8023148140625 0.3684895828125 0.7648148140625 0.38515625 0.6990740734374999 0.3895833328125 0.6550925921874999 0.39921875 0.60601851875 0.40625 0.5606481484375 0.41692708281249996 0.5134259265625001 0.41614583281249995 0.46157407343749995 0.4125 0.391203703125 0.3984375 0.340740740625 0.40911458281249996 0.3203703703125 0.4036458328125 0.3171296296875 0.3921875 0.3236111109375 0.3729166671875 0.3013888890625 0.35234375 0.2953703703125 0.3278645828125 0.3111111109375 0.30911458281250004 0.3384259265625 0.3015625 0.340740740625 0.2986979171875 0.3476851859375 0.3015625 0.3634259265625 0.3033854171875 0.38009259218749997 0.303125 0.39398148125 0.29140625 0.4129629625 0.2854166671875 0.43009259218749996 0.2684895828125 0.4773148140625 0.2606770828125 0.5259259265625
2 0.5989583328125 0.5856481484375 0.5981770828124999 0.6111111109375 0.5901041671875 0.64398148125 0.5901041671875 0.6578703703125 0.5953125 0.8074074078125 0.6200520828125 0.83055555625 0.6236979171875 0.8134259265624999 0.634375 0.7976851859375 0.6580729171875 0.753703703125 0.7119791671875 0.7884259265625 0.7111979171875 0.7740740734375 0.7341145828125 0.7254629625 0.7130208328125 0.6861111109375 0.70859375 0.684722221875 0.72265625 0.609259259375 0.73671875 0.5166666671875 0.74375 0.44305555625000004 0.7536458328125 0.384722221875 0.7341145828125 0.28101851875 0.7049479171875 0.2356481484375 0.6864583328125 0.2166666671875 0.6635416671875001 0.21851851875 0.6307291671875 0.240277778125 0.59375 0.25601851875000003 0.5734375 0.2513888890625 0.5557291671875 0.2638888890625 0.5671875 0.27777777812500004 0.58046875 0.2699074078125 0.615625 0.284259259375 0.6015625 0.321759259375 0.5963541671875 0.3879629625 0.5981770828124999 0.4458333328125 0.6078125 0.48703703750000005 0.6059895828124999 0.502777778125 0.5690104171875 0.527777778125 0.5572916671875 0.5101851859375001 0.5486979171875 0.50555555625 0.5354166671875 0.5231481484375 0.5361979171875 0.5337962968750001 0.5317708328124999 0.5370370375 0.5203125 0.5574074078125 0.5661458328125 0.5796296296875 0.5989583328125 0.5856481484375
2 0.29375 0.409259259375 0.303125 0.39351851875 0.303125 0.3736111109375 0.3020833328125 0.3634259265625 0.2986979171875 0.35 0.29296875 0.340740740625 0.28671875 0.334722221875 0.2822916671875 0.3416666671875 0.28125 0.358796296875 0.2893229171875 0.38009259218749997 0.290625 0.39027777812500003 0.290625 0.403703703125 0.29375 0.409259259375
2 0.43723958281249997 0.2388888890625 0.4309895828125 0.2236111109375 0.42578125 0.22546296250000003 0.4244791671875 0.23009259218749997 0.4244791671875 0.2513888890625 0.4252604171875 0.266203703125 0.421875 0.2708333328125 0.42265625 0.27870370312500004 0.4252604171875 0.29907407343750003 0.43828125 0.291203703125 0.44166666718750003 0.28101851875 0.43984375 0.2615740734375 0.43723958281249997 0.2388888890625
2 0.48515625 0.29722222187499997 0.49114583281249996 0.2921296296875 0.49244791718750003 0.2546296296875 0.4734375 0.2773148140625 0.4622395828125 0.2995370375 0.45989583281249996 0.32453703749999996 0.46458333281249997 0.31805555625 0.47473958281249995 0.308796296875 0.47760416718750004 0.2888888890625 0.48229166718750005 0.28379629687499996 0.48515625 0.29722222187499997
2 0.49010416718750005 0.3361111109375 0.4799479171875 0.3361111109375 0.490625 0.32453703749999996 0.49114583281249996 0.2921296296875 0.48515625 0.29722222187499997 0.48229166718750005 0.28472222187499996 0.47760416718750004 0.2898148140625 0.4739583328125 0.309722221875 0.45989583281249996 0.3254629625 0.459375 0.34351851875 0.459375 0.3453703703125 0.4604166671875 0.3518518515625 0.47161458281249996 0.353703703125 0.4799479171875 0.3453703703125 0.48932291718750004 0.34120370312500004 0.49010416718750005 0.3361111109375
2 0.47578125 0.5287037031249999 0.4770833328125 0.565277778125 0.4828125 0.575 0.48515625 0.471296296875 0.478125 0.4773148140625 0.47239583281249997 0.503703703125 0.46875 0.503703703125 0.46692708281249995 0.5069444437499999 0.46588541718750004 0.5171296296875 0.47109375 0.5254629625 0.4739583328125 0.5236111109375 0.47578125 0.5287037031249999
2 0.5807291671875 0.2699074078125 0.5729166671875 0.2754629625 0.5713541671875 0.2856481484375 0.5953125 0.3120370375 0.6018229171875 0.3013888890625 0.60078125 0.2796296296875 0.5807291671875 0.2699074078125
2 0.5658854171875001 0.2796296296875 0.5541666671875001 0.28796296250000003 0.5513020828124999 0.303703703125 0.559375 0.309722221875 0.5677083328125 0.3120370375 0.5783854171875 0.3120370375 0.5953125 0.3120370375 0.5658854171875001 0.2796296296875
2 0.5830729171875 0.34444444375 0.5919270828125 0.33703703749999997 0.5942708328124999 0.33703703749999997 0.60078125 0.32777777812500003 0.60234375 0.31805555625 0.6013020828125 0.3129629625 0.56015625 0.3111111109375 0.5505208328125 0.3046296296875 0.5453125 0.30694444375 0.5388020828125 0.31805555625 0.5401041671875 0.32685185156249996 0.55546875 0.32777777812500003 0.5583333328125 0.328703703125 0.5625 0.3328703703125 0.5723958328125 0.3296296296875 0.5830729171875 0.34444444375
2 0.56328125 0.35 0.5713541671875 0.34861111093749997 0.571875 0.3518518515625 0.5841145828125 0.34861111093749997 0.571875 0.3296296296875 0.5611979171875 0.33194444375 0.55703125 0.32685185156249996 0.5395833328124999 0.32685185156249996 0.5341145828125 0.31805555625 0.5247395828125 0.3236111109375 0.51640625 0.3379629625 0.51640625 0.3425925921875 0.51953125 0.3518518515625 0.5234375 0.353703703125 0.52890625 0.34120370312500004 0.5341145828125 0.3379629625 0.5434895828124999 0.3351851859375 0.55546875 0.34120370312500004 0.56328125 0.35
2 0.5388020828125 0.371759259375 0.55 0.3768518515625 0.55234375 0.3851851859375 0.5653645828125 0.38935185156249996 0.5666666671875 0.38009259218749997 0.5705729171875 0.3601851859375 0.5705729171875 0.3495370375 0.5591145828124999 0.34722222187499996 0.5434895828124999 0.3351851859375 0.5283854171875 0.3425925921875 0.52421875 0.352777778125 0.5223958328125 0.35925925937500003 0.5234375 0.3708333328125 0.51953125 0.3726851859375 0.52109375 0.3990740734375 0.5252604171875 0.4018518515625 0.5252604171875 0.38101851875000003 0.5354166671875 0.38009259218749997 0.5388020828125 0.371759259375
2 0.5705729171875 0.3518518515625 0.5705729171875 0.3759259265625 0.58828125 0.3736111109375 0.5953125 0.3791666671875 0.5971354171875001 0.3578703703125 0.5877604171875 0.3495370375 0.5705729171875 0.3518518515625
2 0.59609375 0.38101851875000003 0.58828125 0.3736111109375 0.5723958328125 0.3759259265625 0.5671875 0.38333333281250004 0.5666666671875 0.3916666671875 0.58125 0.40833333281249995 0.5877604171875 0.3916666671875 0.590625 0.40416666718750005 0.5953125 0.403240740625 0.59609375 0.38101851875000003
2 0.5666666671875 0.4291666671875 0.58359375 0.4125 0.56953125 0.3949074078125 0.540625 0.375 0.5307291671875001 0.384259259375 0.52890625 0.40833333281249995 0.5388020828125 0.41342592656250005 0.5424479171875001 0.4125 0.5453125 0.4148148140625 0.54765625 0.4199074078125 0.5666666671875 0.4291666671875
2 0.5653645828125 0.46481481406249997 0.5817708328125 0.44490740781250004 0.5942708328124999 0.42083333281249996 0.5854166671875001 0.4125 0.5736979171875001 0.4199074078125 0.5588541671875 0.4365740734375 0.5341145828125 0.44907407343749994 0.5270833328125 0.4574074078125 0.52890625 0.4731481484375 0.5377604171875 0.4763888890625 0.5546875 0.47222222187499996 0.5653645828125 0.46481481406249997
2 0.5401041671875 0.5097222218749999 0.5513020828124999 0.5046296296875 0.56015625 0.497222221875 0.5713541671875 0.48472222187499997 0.5736979171875001 0.47222222187499996 0.5736979171875001 0.4574074078125 0.5643229171875 0.465740740625 0.5518229171875 0.47222222187499996 0.5377604171875 0.47407407343749997 0.5307291671875001 0.4699074078125 0.5260416671875 0.459722221875 0.5283854171875 0.440740740625 0.5276041671875 0.4365740734375 0.5223958328125 0.44305555625000004 0.51875 0.4375 0.51640625 0.44166666718750003 0.5106770828125 0.46388888906250003 0.5083333328124999 0.4754629625 0.5083333328124999 0.4879629625 0.52421875 0.5097222218749999 0.5401041671875 0.5097222218749999
2 0.6059895828124999 0.502777778125 0.6072916671875 0.48703703750000005 0.6049479171875001 0.47222222187499996 0.5994791671875 0.465740740625 0.5859375 0.471296296875 0.57421875 0.4763888890625 0.5705729171875 0.48703703750000005 0.55703125 0.4981481484375 0.5559895828125 0.5078703703125 0.5690104171875 0.5268518515625 0.6059895828124999 0.502777778125