2 0.3044270828125 0.7875 0.3440104171875 0.7620370375000001 0.359375 0.73194444375 0.3799479171875 0.66898148125 0.3916666671875 0.6134259265625001 0.40703125 0.5550925921875 0.41588541718750005 0.508796296875 0.4135416671875 0.458796296875 0.40859375 0.3949074078125 0.4 0.34444444375 0.38229166718749996 0.3203703703125 0.3604166671875 0.302777778125 0.3450520828125 0.302777778125 0.31692708281250004 0.3254629625 0.2921875 0.3578703703125 0.2815104171875 0.35601851875 0.2697916671875 0.375 0.2716145828125 0.3861111109375 0.28515625 0.3949074078125 0.29921875 0.3851851859375 0.3026041671875 0.3990740734375 0.2802083328125 0.447222221875 0.2674479171875 0.4888888890625 0.2614583328125 0.5379629625 0.2627604171875 0.584259259375 0.24505208281250002 0.6574074078125001 0.246875 0.68148148125 0.2208333328125 0.771759259375 0.25390625 0.7893518515625 0.2716145828125 0.8 0.29140625 0.8199074078124999 0.3067708328125 0.8333333328125001 0.3044270828125 0.7875
2 0.5989583328125 0.5856481484375 0.5981770828124999 0.6111111109375 0.5901041671875 0.64398148125 0.5901041671875 0.6578703703125 0.5953125 0.8074074078125 0.6200520828125 0.83055555625 0.6236979171875 0.8134259265624999 0.634375 0.7976851859375 0.6580729171875 0.753703703125 0.7119791671875 0.7884259265625 0.7111979171875 0.7740740734375 0.7341145828125 0.7254629625 0.7130208328125 0.6861111109375 0.70859375 0.684722221875 0.72265625 0.609259259375 0.73671875 0.5166666671875 0.74375 0.44305555625000004 0.7536458328125 0.384722221875 0.7341145828125 0.28101851875 0.7049479171875 0.2356481484375 0.6864583328125 0.2166666671875 0.6635416671875001 0.21851851875 0.6307291671875 0.240277778125 0.59375 0.25601851875000003 0.5734375 0.2513888890625 0.5557291671875 0.2638888890625 0.5671875 0.27777777812500004 0.58046875 0.2699074078125 0.615625 0.284259259375 0.6015625 0.321759259375 0.5963541671875 0.3879629625 0.5981770828124999 0.4458333328125 0.6078125 0.48703703750000005 0.6059895828124999 0.502777778125 0.5690104171875 0.527777778125 0.5572916671875 0.5101851859375001 0.5486979171875 0.50555555625 0.5354166671875 0.5231481484375 0.5361979171875 0.5337962968750001 0.5317708328124999 0.5370370375 0.5203125 0.5574074078125 0.5661458328125 0.5796296296875 0.5989583328125 0.5856481484375
2 0.3026041671875 0.3990740734375 0.2986979171875 0.38703703749999996 0.2875 0.40416666718750005 0.28854166718749996 0.40046296249999996 0.2919270828125 0.3949074078125 0.2911458328125 0.3916666671875 0.284375 0.39351851875 0.2760416671875 0.409259259375 0.2755208328125 0.42083333281249996 0.2765625 0.427777778125 0.2830729171875 0.43981481406249995 0.284375 0.4375 0.3026041671875 0.3990740734375
2 0.4263020828125 0.3328703703125 0.43333333281249997 0.3351851859375 0.43515625 0.34120370312500004 0.44817708281249996 0.34861111093749997 0.45286458281249997 0.3453703703125 0.4486979171875 0.3236111109375 0.428125 0.30046296250000004 0.4252604171875 0.302777778125 0.40859375 0.30046296250000004 0.40520833281249996 0.3171296296875 0.40989583281249997 0.328703703125 0.41979166718750005 0.32777777812500003 0.41979166718750005 0.35925925937500003 0.42578125 0.3611111109375 0.4263020828125 0.3328703703125
2 0.48515625 0.29722222187499997 0.49114583281249996 0.2921296296875 0.49244791718750003 0.2546296296875 0.4734375 0.2773148140625 0.4622395828125 0.2995370375 0.45989583281249996 0.32453703749999996 0.46458333281249997 0.31805555625 0.47473958281249995 0.308796296875 0.47760416718750004 0.2888888890625 0.48229166718750005 0.28379629687499996 0.48515625 0.29722222187499997
2 0.49010416718750005 0.3361111109375 0.4799479171875 0.3361111109375 0.490625 0.32453703749999996 0.49114583281249996 0.2921296296875 0.48515625 0.29722222187499997 0.48229166718750005 0.28472222187499996 0.47760416718750004 0.2898148140625 0.4739583328125 0.309722221875 0.45989583281249996 0.3254629625 0.459375 0.34351851875 0.459375 0.3453703703125 0.4604166671875 0.3518518515625 0.47161458281249996 0.353703703125 0.4799479171875 0.3453703703125 0.48932291718750004 0.34120370312500004 0.49010416718750005 0.3361111109375
2 0.47578125 0.5287037031249999 0.4770833328125 0.565277778125 0.4828125 0.575 0.48515625 0.471296296875 0.478125 0.4773148140625 0.47239583281249997 0.503703703125 0.46875 0.503703703125 0.46692708281249995 0.5069444437499999 0.46588541718750004 0.5171296296875 0.47109375 0.5254629625 0.4739583328125 0.5236111109375 0.47578125 0.5287037031249999
2 0.60078125 0.2796296296875 0.5817708328125 0.271296296875 0.5729166671875 0.27638888906250003 0.56953125 0.28796296250000003 0.5752604171875 0.29398148125 0.5872395828125 0.29398148125 0.5953125 0.29398148125 0.6013020828125 0.29722222187499997 0.60078125 0.2796296296875
2 0.5942708328124999 0.3129629625 0.603125 0.3120370375 0.6018229171875 0.2986111109375 0.5947916671875 0.29305555625 0.5752604171875 0.29398148125 0.5700520828125 0.2888888890625 0.5677083328125 0.28055555625 0.5643229171875 0.27638888906250003 0.5541666671875001 0.2796296296875 0.5494791671875 0.28796296250000003 0.5494791671875 0.29722222187499997 0.5494791671875 0.303703703125 0.5546875 0.30694444375 0.5583333328125 0.309722221875 0.5783854171875 0.315277778125 0.5817708328125 0.3120370375 0.5942708328124999 0.3129629625
2 0.5705729171875 0.33194444375 0.5736979171875001 0.3328703703125 0.5825520828124999 0.34861111093749997 0.5872395828125 0.346759259375 0.60234375 0.31944444375000003 0.6018229171875 0.315277778125 0.5864583328124999 0.3111111109375 0.5723958328125 0.3171296296875 0.5518229171875 0.302777778125 0.5453125 0.30555555624999997 0.53828125 0.31944444375000003 0.5411458328125 0.3236111109375 0.55 0.32685185156249996 0.5578125 0.33101851875 0.56171875 0.333796296875 0.5705729171875 0.33194444375
2 0.5546875 0.3518518515625 0.559375 0.3601851859375 0.5666666671875 0.3550925921875 0.58359375 0.3495370375 0.5729166671875 0.33194444375 0.56171875 0.3328703703125 0.53828125 0.3203703703125 0.53828125 0.3129629625 0.5270833328125 0.31805555625 0.5234375 0.3328703703125 0.5307291671875001 0.33703703749999997 0.5359375 0.3476851859375 0.5369791671875 0.35925925937500003 0.54296875 0.3611111109375 0.5546875 0.3518518515625
2 0.521875 0.43981481406249995 0.5200520828124999 0.42592592656250006 0.5234375 0.42314814843750004 0.5283854171875 0.425 0.53359375 0.42083333281249996 0.53359375 0.415740740625 0.53125 0.40601851875 0.5307291671875001 0.3875 0.5330729171875 0.38009259218749997 0.5369791671875 0.3611111109375 0.5364583328125 0.353703703125 0.52890625 0.3393518515625 0.5252604171875 0.33703703749999997 0.5140625 0.34027777812500004 0.5098958328125 0.35925925937500003 0.5111979171875001 0.3708333328125 0.5065104171875 0.3875 0.50703125 0.403240740625 0.51171875 0.409259259375 0.51484375 0.4199074078125 0.5140625 0.4458333328125 0.521875 0.43981481406249995
2 0.5953125 0.35925925937500003 0.5864583328124999 0.3476851859375 0.5606770828125 0.35925925937500003 0.55546875 0.352777778125 0.5424479171875001 0.3620370375 0.5424479171875001 0.365277778125 0.5434895828124999 0.377777778125 0.5729166671875 0.3759259265625 0.5864583328124999 0.3759259265625 0.5947916671875 0.3759259265625 0.5953125 0.35925925937500003
2 0.5736979171875001 0.3949074078125 0.58125 0.4 0.5864583328124999 0.40416666718750005 0.59296875 0.409259259375 0.5947916671875 0.3949074078125 0.59140625 0.38009259218749997 0.5854166671875001 0.3736111109375 0.571875 0.3759259265625 0.5419270828125 0.3736111109375 0.5341145828125 0.3768518515625 0.5330729171875 0.3791666671875 0.5307291671875001 0.39074074062499997 0.53359375 0.4106481484375 0.5364583328125 0.403240740625 0.5458333328125 0.3958333328125 0.5546875 0.4 0.5658854171875001 0.39351851875 0.5736979171875001 0.3949074078125
2 0.55 0.43333333281249997 0.5578125 0.4375 0.5690104171875 0.43148148124999997 0.5653645828125 0.4166666671875 0.5666666671875 0.4166666671875 0.5864583328124999 0.4356481484375 0.5924479171875 0.42592592656250006 0.5854166671875001 0.4199074078125 0.5705729171875 0.40601851875 0.56015625 0.3990740734375 0.5466145828125 0.3958333328125 0.54296875 0.396759259375 0.53359375 0.40833333281249995 0.5341145828125 0.42083333281249996 0.5265625 0.42731481406249994 0.5283854171875 0.440740740625 0.5265625 0.4513888890625 0.53125 0.4513888890625 0.5364583328125 0.440740740625 0.55 0.43333333281249997
2 0.5611979171875 0.471296296875 0.5658854171875001 0.47407407343749997 0.5700520828125 0.48472222187499997 0.5736979171875001 0.48703703750000005 0.5713541671875 0.4763888890625 0.5713541671875 0.46296296249999996 0.5802083328125 0.4513888890625 0.5854166671875001 0.434722221875 0.5700520828125 0.42175925937500003 0.56484375 0.41898148125 0.5682291671875 0.43148148124999997 0.55546875 0.44398148125 0.5401041671875 0.44907407343749994 0.53125 0.45 0.5234375 0.458796296875 0.5223958328125 0.47407407343749997 0.5359375 0.48148148125 0.55 0.4796296296875 0.5611979171875 0.471296296875
2 0.5447916671875 0.5106481484375001 0.5549479171875 0.5106481484375001 0.5606770828125 0.5106481484375001 0.5661458328125 0.49259259218749996 0.56953125 0.46851851875 0.5677083328125 0.4643518515625 0.5619791671875001 0.4675925921875 0.5588541671875 0.47407407343749997 0.5513020828124999 0.4800925921875 0.5395833328124999 0.4768518515625 0.5229166671875001 0.47407407343749997 0.5270833328125 0.44768518593750006 0.5255208328125 0.44351851875000003 0.5205729171875 0.4486111109375 0.5177083328125 0.44166666718750003 0.5083333328124999 0.47083333281249995 0.50703125 0.48842592656250006 0.51484375 0.5041666671875 0.5236979171875 0.5166666671875 0.5354166671875 0.5166666671875 0.5447916671875 0.5106481484375001
2 0.5994791671875 0.4731481484375 0.5794270828125 0.47222222187499996 0.5713541671875 0.48055555625 0.5606770828125 0.5111111109375 0.5682291671875 0.527777778125 0.6049479171875001 0.503703703125 0.6065104171875 0.48981481406249994 0.6065104171875 0.4763888890625 0.5994791671875 0.4731481484375