2 0.565625 1 0.5625 0.9734375 0.556640625 0.9567708328125001 0.545703125 0.9421875 0.533984375 0.9333333328125001 0.529296875 0.9328125 0.521875 0.9375 0.515625 0.9494791671874999 0.513671875 0.9697916671875 0.51484375 1 0.565625 1
2 0.475 1 0.476171875 0.9723958328125001 0.473828125 0.9447916671875 0.475 0.9114583328125001 0.47265625 0.8973958328125 0.465234375 0.8807291671874999 0.459375 0.8723958328125001 0.433984375 0.8557291671874999 0.428515625 0.8546875 0.426171875 0.8588541671875 0.42421875 0.8739583328125 0.413671875 0.9098958328125001 0.409375 0.9734375 0.4125 1 0.475 1
2 0.390234375 1 0.395703125 0.9875 0.395703125 0.9619791671875 0.40078125 0.8984375 0.40078125 0.8609375 0.39921875 0.8447916671875 0.39609375 0.8354166671875 0.3859375 0.8255208328125001 0.379296875 0.8223958328125001 0.36796875 0.8223958328125001 0.357421875 0.8276041671875 0.35078125 0.8364583328125 0.3390625 0.8953125 0.33515625 0.9494791671874999 0.334375 0.9864583328125001 0.336328125 1 0.390234375 1
2 0.66484375 1 0.6671875 0.9494791671874999 0.6671875 0.9229166671875 0.665234375 0.9125 0.64453125 0.8739583328125 0.637890625 0.8526041671875 0.6125 0.8026041671874999 0.60703125 0.7958333328125 0.596875 0.7880208328125 0.586328125 0.7875 0.57890625 0.790625 0.57265625 0.7984375 0.569921875 0.8088541671874999 0.56953125 0.8265625 0.578515625 0.8864583328125001 0.580859375 0.9255208328125001 0.588671875 0.9515625 0.595703125 0.9677083328125 0.606640625 0.9791666671874999 0.621484375 0.9833333328125 0.63828125 1 0.66484375 1
2 0.72109375 1 0.719140625 0.971875 0.725390625 0.9109375 0.7296875 0.8875 0.72734375 0.8734375 0.70390625 0.8114583328125 0.69140625 0.7880208328125 0.68359375 0.7625 0.67421875 0.7541666671875 0.65859375 0.75 0.643359375 0.7572916671875001 0.63671875 0.771875 0.63671875 0.7916666671875 0.63984375 0.8135416671875 0.641796875 0.8479166671874999 0.64609375 0.8770833328125001 0.6546875 0.8994791671875 0.6625 0.9125 0.665234375 0.9260416671874999 0.666015625 0.9494791671874999 0.671484375 0.9682291671875 0.681640625 0.9776041671875 0.6859375 0.9864583328125001 0.696484375 1 0.72109375 1
2 0.621875 0.7546875 0.621875 0.6671875 0.61953125 0.6364583328125 0.618359375 0.63125 0.614453125 0.6265625 0.595703125 0.6239583328125 0.58828125 0.6328125 0.5828125 0.6494791671875 0.558984375 0.7760416671875 0.559765625 0.7947916671875 0.56328125 0.8010416671874999 0.570703125 0.8067708328125001 0.609375 0.8041666671875 0.61875 0.7958333328125 0.621875 0.7546875
2 0.5203125 0.746875 0.525 0.7229166671875 0.537109375 0.6171875 0.53671875 0.5916666671875 0.533984375 0.5765625 0.531640625 0.5729166671875 0.505859375 0.5796875 0.491015625 0.5979166671875 0.4828125 0.6213541671875 0.475390625 0.6614583328125 0.4640625 0.7348958328124999 0.464453125 0.7473958328125 0.46953125 0.771875 0.491796875 0.7864583328125 0.514453125 0.7619791671875 0.5203125 0.746875
2 0.612890625 0.5380208328125 0.609375 0.534375 0.603125 0.5328125 0.59453125 0.5328125 0.5890625 0.5364583328125 0.584765625 0.5447916671875 0.5828125 0.5734375 0.583203125 0.6078125 0.593359375 0.6552083328125 0.596484375 0.65625 0.6109375 0.6296875 0.615625 0.5458333328125 0.612890625 0.5380208328125
2 0.520703125 0.56875 0.51484375 0.54375 0.51015625 0.5317708328124999 0.499609375 0.5213541671875 0.490625 0.51875 0.476953125 0.5255208328125 0.443359375 0.5520833328125 0.4359375 0.5755208328125 0.421875 0.6369791671875 0.421875 0.6494791671875 0.425390625 0.6604166671875 0.430859375 0.6677083328125 0.467578125 0.6677083328125 0.478515625 0.659375 0.520703125 0.56875
2 0.53828125 0.5567708328125 0.53828125 0.4921875 0.534375 0.48125 0.530078125 0.478125 0.51796875 0.478125 0.5140625 0.4817708328125 0.5125 0.4869791671875 0.512109375 0.5057291671875 0.5171875 0.5604166671875 0.52109375 0.5734375 0.529296875 0.578125 0.533984375 0.5734375 0.53828125 0.5567708328125
2 0.486328125 0.5223958328125 0.485546875 0.49375 0.478125 0.4526041671875 0.475 0.44739583281249995 0.466015625 0.446875 0.456640625 0.4635416671875 0.45703125 0.484375 0.462890625 0.5322916671875 0.465625 0.5369791671875 0.46875 0.5375 0.47734375 0.5328125 0.486328125 0.5223958328125
2 0.51015625 0.46197916718750004 0.5 0.44635416718750004 0.494140625 0.44114583281249997 0.48125 0.44427083281249996 0.4765625 0.453125 0.490234375 0.5182291671875 0.509375 0.5322916671875 0.512890625 0.528125 0.51484375 0.5192708328125 0.51484375 0.48125 0.51015625 0.46197916718750004
2 0.503515625 0.3776041671875 0.49765625 0.3729166671875 0.49140625 0.37552083281250004 0.487890625 0.3927083328125 0.4875 0.40833333281249995 0.49375 0.44114583281249997 0.496484375 0.4421875 0.50625 0.40729166718750004 0.505859375 0.3890625 0.503515625 0.3776041671875
2 0.528125 0.3791666671875 0.520703125 0.3739583328125 0.509765625 0.3786458328125 0.50859375 0.3838541671875 0.508984375 0.40989583281249997 0.525 0.44895833281249997 0.533984375 0.45 0.537109375 0.4421875 0.537890625 0.41614583281249995 0.528125 0.3791666671875
2 0.5328125 0.3416666671875 0.53046875 0.3328125 0.527734375 0.3302083328125 0.51953125 0.3291666671875 0.515625 0.3322916671875 0.51328125 0.3390625 0.513671875 0.3557291671875 0.518359375 0.3739583328125 0.52109375 0.3770833328125 0.52890625 0.37552083281250004 0.53359375 0.3583333328125 0.5328125 0.3416666671875
2 0.50546875 0.3760416671875 0.50625 0.3265625 0.4875 0.3260416671875 0.4875 0.375 0.50546875 0.3760416671875