2 0.640625 1 0.634375 0.9484375 0.628125 0.9213541671875 0.6234375 0.9067708328125 0.61640625 0.8942708328125001 0.60625 0.8697916671874999 0.596484375 0.853125 0.591796875 0.8505208328125 0.56875 0.8458333328125001 0.566015625 0.8385416671874999 0.563671875 0.8369791671875 0.56171875 0.8411458328125001 0.5609375 0.8536458328125001 0.558984375 0.8552083328125001 0.557421875 0.865625 0.55703125 0.8932291671874999 0.56171875 0.9229166671875 0.566015625 1 0.640625 1
2 0.54453125 1 0.54140625 0.9380208328125 0.54140625 0.8979166671875 0.534765625 0.8322916671874999 0.52421875 0.7932291671875 0.517578125 0.7755208328125 0.512109375 0.7692708328125 0.498046875 0.76875 0.48671875 0.775 0.48125 0.7838541671875 0.47890625 0.79375 0.4796875 0.8125 0.48671875 0.8489583328125001 0.48984375 0.9270833328125001 0.49453125 0.9666666671874999 0.501953125 1 0.54453125 1
2 0.4578125 1 0.458203125 0.990625 0.46171875 0.9744791671874999 0.4640625 0.9447916671875 0.4625 0.8635416671874999 0.4609375 0.846875 0.454296875 0.8197916671875 0.45234375 0.796875 0.44921875 0.7848958328125 0.44453125 0.7776041671875 0.436328125 0.7703125 0.42265625 0.7677083328125 0.418359375 0.7723958328125 0.41484375 0.7875 0.408984375 0.903125 0.402734375 0.9416666671874999 0.40546875 0.95 0.4078125 0.9729166671874999 0.41171875 0.9854166671875 0.41171875 1 0.4578125 1
2 0.369921875 0.7286458328125 0.363671875 0.7651041671875001 0.3609375 0.7677083328125 0.35703125 0.7822916671875 0.35546875 0.8104166671874999 0.3515625 0.8234375 0.3515625 0.8317708328125001 0.35390625 0.8802083328125001 0.357421875 0.909375 0.358984375 0.9145833328125 0.36328125 0.91875 0.375390625 0.9182291671874999 0.37890625 0.9151041671875 0.384375 0.8822916671875 0.38984375 0.8677083328125 0.39296875 0.8645833328125001 0.39375 0.8473958328125001 0.397265625 0.8270833328125 0.397265625 0.8026041671874999 0.405859375 0.771875 0.40625 0.7244791671875 0.40390625 0.7192708328124999 0.39921875 0.715625 0.39140625 0.7135416671875 0.381640625 0.715625 0.378515625 0.7182291671875001 0.37578125 0.7171875 0.374609375 0.7255208328125 0.369921875 0.7286458328125
2 0.636328125 0.7328125 0.63828125 0.8140625 0.641015625 0.8385416671874999 0.64375 0.8515625 0.646484375 0.8572916671874999 0.65703125 0.8583333328125 0.661328125 0.8546875 0.665234375 0.8458333328125001 0.66640625 0.815625 0.668359375 0.8052083328125 0.671484375 0.8005208328125001 0.68515625 0.7984375 0.68828125 0.7932291671875 0.689453125 0.7854166671875 0.68828125 0.7817708328124999 0.68046875 0.7723958328125 0.67734375 0.7625 0.668359375 0.7182291671875001 0.66171875 0.6739583328125 0.656640625 0.6671875 0.645703125 0.6645833328124999 0.637109375 0.6671875 0.632421875 0.6713541671875001 0.630078125 0.6848958328125 0.63046875 0.6994791671875 0.636328125 0.7328125
2 0.5375 0.7234375 0.5390625 0.7390625 0.5390625 0.7979166671875 0.541796875 0.803125 0.543359375 0.8177083328125001 0.54453125 0.8203125 0.552734375 0.8197916671875 0.560546875 0.8234375 0.569921875 0.8244791671874999 0.572265625 0.8270833328125 0.574609375 0.8411458328125001 0.578125 0.8479166671874999 0.590234375 0.8484375 0.5953125 0.8447916671875 0.596484375 0.8307291671874999 0.596484375 0.790625 0.59296875 0.7578125 0.591015625 0.753125 0.5859375 0.7479166671875 0.568359375 0.6875 0.5609375 0.6786458328125 0.55234375 0.6760416671875 0.548046875 0.678125 0.539453125 0.6869791671875001 0.534375 0.7020833328125 0.534375 0.7135416671875 0.5375 0.7234375
2 0.59765625 0.7640625 0.601953125 0.7666666671875 0.608203125 0.7635416671875 0.611328125 0.7645833328125 0.61328125 0.7494791671875001 0.618359375 0.7307291671875 0.61953125 0.6921875 0.62109375 0.6885416671875 0.623828125 0.6875 0.625 0.678125 0.615234375 0.634375 0.610546875 0.6291666671875 0.60078125 0.6286458328125 0.594921875 0.6333333328124999 0.589453125 0.6536458328125 0.588671875 0.7015625 0.5859375 0.746875 0.59765625 0.7640625
2 0.51328125 0.5328125 0.51875 0.5359375 0.519921875 0.5416666671875 0.525390625 0.54375 0.533984375 0.5234375 0.537109375 0.5067708328125 0.537109375 0.49791666718750005 0.534375 0.44895833281249997 0.527734375 0.4453125 0.522265625 0.4453125 0.515234375 0.45 0.5125 0.45416666718750004 0.512109375 0.5041666671875 0.510546875 0.5104166671875 0.51328125 0.5328125
2 0.49375 0.6619791671875 0.491015625 0.6802083328124999 0.4875 0.684375 0.479296875 0.6875 0.478125 0.6916666671875 0.480078125 0.7088541671875 0.483984375 0.7072916671875 0.490625 0.7083333328125 0.498828125 0.7161458328125 0.502734375 0.7239583328125 0.5125 0.7223958328125 0.5171875 0.7135416671875 0.519140625 0.6901041671875 0.52421875 0.6786458328125 0.52578125 0.6588541671875 0.53046875 0.6442708328125 0.53359375 0.6395833328125 0.53671875 0.6265625 0.5375 0.5854166671875001 0.535546875 0.5572916671875 0.533203125 0.5526041671875 0.528125 0.5520833328125 0.51640625 0.5567708328125 0.5125 0.5625 0.50703125 0.5963541671875 0.494140625 0.6291666671875 0.49375 0.6619791671875
2 0.583203125 0.609375 0.587109375 0.6354166671875 0.590234375 0.6380208328125 0.59765625 0.6380208328125 0.608984375 0.6338541671875 0.61484375 0.6234375 0.617578125 0.5927083328125 0.61640625 0.5557291671875 0.61171875 0.5322916671875 0.6 0.5052083328125 0.5953125 0.5 0.583203125 0.496875 0.579296875 0.49895833281249996 0.575390625 0.5046875 0.571484375 0.5317708328124999 0.576171875 0.590625 0.583203125 0.609375
2 0.44453125 0.565625 0.444140625 0.6125 0.443359375 0.6161458328125 0.43515625 0.6171875 0.43125 0.6234375 0.42578125 0.6255208328124999 0.425390625 0.6375 0.42890625 0.6447916671875 0.441015625 0.6484375 0.444140625 0.6463541671875 0.45625 0.6458333328125 0.4609375 0.6432291671875 0.48125 0.6447916671875 0.484765625 0.6359375 0.491015625 0.6338541671875 0.49375 0.6291666671875 0.495703125 0.6213541671875 0.49453125 0.5723958328125 0.496875 0.5645833328125 0.497265625 0.5447916671875 0.5 0.5364583328125 0.49921875 0.5208333328125 0.49609375 0.5177083328125 0.473046875 0.5151041671875001 0.468359375 0.5182291671875 0.464453125 0.5239583328124999 0.45546875 0.5484375 0.449609375 0.5541666671875001 0.44453125 0.565625
2 0.45625 0.4927083328125 0.45625 0.5338541671875 0.462109375 0.5338541671875 0.462890625 0.5255208328125 0.465625 0.5239583328124999 0.467578125 0.5192708328125 0.47265625 0.521875 0.48046875 0.521875 0.48203125 0.509375 0.48359375 0.5072916671875001 0.48359375 0.48333333281249996 0.480859375 0.4505208328125 0.467578125 0.44947916718750003 0.462890625 0.45 0.4625 0.45729166718750003 0.459375 0.45885416718750005 0.459375 0.4916666671875 0.45625 0.4927083328125
2 0.477734375 0.44895833281249997 0.480859375 0.45104166718750005 0.484765625 0.4635416671875 0.487109375 0.4916666671875 0.490625 0.49427083281249995 0.491015625 0.5 0.499609375 0.5 0.50078125 0.4953125 0.500390625 0.46979166718750004 0.496875 0.4515625 0.4859375 0.4265625 0.480859375 0.4244791671875 0.479296875 0.421875 0.47421875 0.421875 0.46328125 0.4265625 0.462890625 0.4322916671875 0.465625 0.43541666718750005 0.46640625 0.44895833281249997 0.477734375 0.44895833281249997
2 0.526953125 0.38229166718749996 0.5296875 0.39114583281250004 0.53125 0.3859375 0.531640625 0.36770833281250004 0.533984375 0.3645833328125 0.535546875 0.353125 0.53515625 0.321875 0.5328125 0.32083333281250004 0.52578125 0.32864583281250004 0.518359375 0.34427083281250004 0.519140625 0.3578125 0.528125 0.3645833328125 0.526953125 0.38229166718749996
2 0.47890625 0.3776041671875 0.480078125 0.38333333281250004 0.487109375 0.3890625 0.4875 0.4145833328125 0.492578125 0.4166666671875 0.499609375 0.40416666718750005 0.500390625 0.3895833328125 0.5046875 0.3885416671875 0.504296875 0.3640625 0.502734375 0.3541666671875 0.499609375 0.3484375 0.494140625 0.346875 0.487890625 0.3494791671875 0.484375 0.3557291671875 0.483984375 0.3802083328125 0.48046875 0.3765625 0.47890625 0.3776041671875
2 0.513671875 0.4348958328125 0.51953125 0.4359375 0.52265625 0.4296875 0.52578125 0.4 0.52578125 0.38229166718749996 0.52421875 0.3713541671875 0.519921875 0.359375 0.5171875 0.3567708328125 0.5125 0.35625 0.507421875 0.35989583281250004 0.506640625 0.3645833328125 0.505859375 0.3963541671875 0.50703125 0.4114583328125 0.513671875 0.4348958328125
2 0.48515625 0.3463541671875 0.490234375 0.3463541671875 0.491796875 0.340625 0.493359375 0.340625 0.494140625 0.3458333328125 0.5046875 0.3473958328125 0.506640625 0.3458333328125 0.506640625 0.3255208328125 0.502734375 0.3213541671875 0.497265625 0.32083333281250004 0.4875 0.3255208328125 0.487109375 0.3333333328125 0.48515625 0.3338541671875 0.484375 0.3375 0.48515625 0.3463541671875