2 0.348828125 0.85 0.3484375 0.8895833328125 0.355078125 0.9677083328125 0.359375 0.9864583328125001 0.364453125 0.9958333328125001 0.367578125 0.9984375 0.37734375 0.9953125 0.39296875 0.9864583328125001 0.391796875 0.9567708328125001 0.398828125 0.9260416671874999 0.40078125 0.8989583328125 0.4 0.8713541671874999 0.4046875 0.8458333328125001 0.40625 0.8255208328125001 0.40546875 0.7885416671875001 0.400390625 0.7666666671875 0.39609375 0.7588541671875 0.391796875 0.7557291671875 0.3765625 0.7536458328125 0.365234375 0.7572916671875001 0.360546875 0.7619791671875 0.359375 0.7838541671875 0.353125 0.809375 0.348828125 0.85
2 0.463671875 1 0.46796875 0.9963541671874999 0.47109375 0.9890625 0.471875 0.9713541671874999 0.469140625 0.9109375 0.46171875 0.8458333328125001 0.45703125 0.8317708328125001 0.4484375 0.8197916671875 0.434375 0.8109375 0.42734375 0.8098958328125001 0.4171875 0.815625 0.4125 0.825 0.409765625 0.8838541671875 0.410546875 0.9328125 0.408984375 0.9885416671874999 0.4109375 1 0.463671875 1
2 0.549609375 1 0.555078125 0.9864583328125001 0.555859375 0.9447916671875 0.5484375 0.8713541671874999 0.543359375 0.8479166671874999 0.53828125 0.8375 0.530859375 0.83125 0.51796875 0.8286458328125 0.50546875 0.8328125 0.50078125 0.8395833328125001 0.4984375 0.8473958328125001 0.502734375 0.9572916671874999 0.50546875 0.9854166671875 0.5078125 0.9911458328125 0.51484375 1 0.549609375 1
2 0.6453125 1 0.63984375 0.9505208328125001 0.632421875 0.925 0.621875 0.9104166671874999 0.60859375 0.9057291671875 0.595703125 0.9166666671874999 0.591015625 0.925 0.59140625 0.9645833328125001 0.59453125 0.9817708328125001 0.598828125 0.9880208328125001 0.612890625 1 0.6453125 1
2 0.5484375 0.8786458328125001 0.549609375 0.8807291671874999 0.55234375 0.8791666671874999 0.55390625 0.8708333328125001 0.558203125 0.8703125 0.56015625 0.8723958328125001 0.566015625 0.9046875 0.57265625 0.9010416671874999 0.58046875 0.9020833328125001 0.583984375 0.9046875 0.587890625 0.9125 0.598828125 0.9119791671874999 0.6171875 0.9067708328125 0.61875 0.9052083328125 0.619140625 0.8932291671874999 0.61875 0.8234375 0.612109375 0.815625 0.606640625 0.7963541671875001 0.6 0.784375 0.594921875 0.7671875 0.590625 0.7427083328124999 0.587890625 0.7359375 0.5765625 0.7208333328125 0.56484375 0.715625 0.559765625 0.715625 0.550390625 0.7203125 0.546875 0.7265625 0.54453125 0.75 0.54296875 0.8505208328125 0.5484375 0.8786458328125001
2 0.63359375 0.7598958328125 0.640234375 0.8171875 0.643359375 0.8630208328125001 0.646484375 0.8791666671874999 0.656640625 0.8994791671875 0.66640625 0.9052083328125 0.683984375 0.9072916671875 0.690234375 0.9020833328125001 0.69296875 0.8963541671874999 0.69765625 0.8494791671874999 0.701953125 0.8328125 0.701953125 0.821875 0.697265625 0.8067708328125001 0.690234375 0.7666666671875 0.68359375 0.7494791671875001 0.675390625 0.7083333328125 0.665625 0.6953125 0.653125 0.6932291671875 0.643359375 0.6942708328125 0.63828125 0.696875 0.634765625 0.7036458328124999 0.633203125 0.7161458328125 0.63359375 0.7598958328125
2 0.584375 0.7104166671875001 0.583984375 0.7322916671875 0.58671875 0.7364583328125 0.587890625 0.753125 0.596875 0.7734375 0.598828125 0.7734375 0.6046875 0.7666666671875 0.6125 0.7682291671875 0.612890625 0.7390625 0.6171875 0.7072916671875 0.625 0.6869791671875001 0.62421875 0.6703125 0.61875 0.6338541671875 0.61484375 0.628125 0.605859375 0.6276041671875 0.6 0.6286458328125 0.594921875 0.6354166671875 0.590625 0.6552083328125 0.58828125 0.6890625 0.584375 0.7104166671875001
2 0.484765625 0.6447916671875 0.481640625 0.6791666671875001 0.482421875 0.70625 0.480859375 0.721875 0.480859375 0.7583333328124999 0.48984375 0.7734375 0.494921875 0.7765625 0.50390625 0.7755208328125 0.508984375 0.7723958328125 0.526171875 0.7552083328125 0.5296875 0.7447916671875 0.5359375 0.7104166671875001 0.5375 0.6609375 0.54296875 0.6239583328125 0.54296875 0.6119791671875 0.535546875 0.5677083328125 0.531640625 0.5614583328125 0.525390625 0.5604166671875 0.517578125 0.5614583328125 0.5109375 0.565625 0.50234375 0.578125 0.496484375 0.6088541671875001 0.484765625 0.6447916671875
2 0.58828125 0.6223958328125 0.59375 0.6416666671875 0.596875 0.64375 0.610546875 0.634375 0.613671875 0.6265625 0.6140625 0.5661458328125 0.611328125 0.534375 0.6078125 0.521875 0.598828125 0.5125 0.591796875 0.5114583328125 0.58359375 0.5145833328125 0.5796875 0.5182291671875 0.577734375 0.534375 0.586328125 0.5828125 0.58828125 0.6223958328125
2 0.441796875 0.5614583328125 0.439453125 0.5666666671875 0.437109375 0.5760416671875 0.436328125 0.6010416671875001 0.43125 0.6239583328125 0.433984375 0.6526041671875 0.458203125 0.6505208328125 0.46640625 0.6427083328125 0.476171875 0.6411458328124999 0.48046875 0.6322916671875001 0.481640625 0.6213541671875 0.484375 0.615625 0.487890625 0.5817708328125 0.49296875 0.5760416671875 0.49453125 0.5869791671875 0.494921875 0.6223958328125 0.499609375 0.6145833328125 0.505859375 0.5677083328125 0.506640625 0.5473958328124999 0.50546875 0.5338541671875 0.504296875 0.5276041671875 0.5015625 0.5244791671875 0.4984375 0.5151041671875001 0.492578125 0.5119791671875 0.486328125 0.5114583328125 0.472265625 0.5203125 0.463671875 0.5317708328124999 0.455859375 0.5479166671875 0.44609375 0.559375 0.441796875 0.5614583328125
2 0.51015625 0.4869791671875 0.508984375 0.5005208328124999 0.51015625 0.5322916671875 0.512109375 0.534375 0.512890625 0.5145833328125 0.515625 0.5494791671875 0.51796875 0.5520833328125 0.518359375 0.5578125 0.51953125 0.5604166671875 0.523828125 0.5598958328125 0.526171875 0.5645833328125 0.531640625 0.5661458328125 0.534375 0.5645833328125 0.5375 0.5520833328125 0.53671875 0.48125 0.53515625 0.471875 0.53046875 0.4635416671875 0.524609375 0.459375 0.517578125 0.45885416718750005 0.513671875 0.4614583328125 0.512109375 0.465625 0.512109375 0.4994791671875 0.5109375 0.4994791671875 0.51015625 0.4869791671875
2 0.467578125 0.525 0.475 0.51875 0.48125 0.5052083328125 0.47890625 0.4546875 0.47421875 0.44947916718750003 0.469140625 0.44895833281249997 0.4640625 0.4546875 0.461328125 0.49010416718750005 0.4625 0.5171875 0.464453125 0.5229166671875001 0.467578125 0.525
2 0.48203125 0.4859375 0.484375 0.5046875 0.48984375 0.5125 0.494921875 0.5140625 0.500390625 0.5114583328125 0.50390625 0.5057291671875 0.505078125 0.4671875 0.498046875 0.4390625 0.49375 0.4328125 0.48984375 0.4322916671875 0.48125 0.43541666718750005 0.477734375 0.4401041671875 0.476953125 0.44635416718750004 0.481640625 0.465625 0.48203125 0.4859375
2 0.491015625 0.4203125 0.495703125 0.42864583281249996 0.497265625 0.42864583281249996 0.5 0.4203125 0.49921875 0.4135416671875 0.50546875 0.40052083281249995 0.505859375 0.3828125 0.503515625 0.365625 0.499609375 0.3557291671875 0.4921875 0.3541666671875 0.488671875 0.359375 0.48828125 0.3630208328125 0.4875 0.4 0.48984375 0.4046875 0.491015625 0.4203125
2 0.512109375 0.40052083281249995 0.5125 0.4078125 0.514453125 0.40989583281249997 0.518359375 0.44739583281249995 0.525 0.44739583281249995 0.524609375 0.4135416671875 0.52734375 0.4114583328125 0.525390625 0.3885416671875 0.52734375 0.3802083328125 0.52578125 0.378125 0.524609375 0.3635416671875 0.513671875 0.3619791671875 0.509375 0.3640625 0.50625 0.3703125 0.50625 0.3932291671875 0.509765625 0.4 0.512109375 0.40052083281249995
2 0.496484375 0.3604166671875 0.503125 0.353125 0.506640625 0.3416666671875 0.505078125 0.3291666671875 0.495703125 0.3234375 0.48984375 0.3265625 0.48515625 0.3401041671875 0.487109375 0.353125 0.49296875 0.3604166671875 0.496484375 0.3604166671875
2 0.523828125 0.3557291671875 0.524609375 0.3625 0.527734375 0.3697916671875 0.531640625 0.3708333328125 0.5359375 0.35885416718749996 0.5359375 0.3260416671875 0.526953125 0.3239583328125 0.51953125 0.3265625 0.5203125 0.3291666671875 0.515625 0.3567708328125 0.521875 0.3604166671875 0.523828125 0.3557291671875