2 0.534375 0.7036458328124999 0.530078125 0.7427083328124999 0.512109375 0.7552083328125 0.51328125 0.7619791671875 0.524609375 0.7671875 0.54453125 0.7890625 0.551171875 0.7890625 0.564453125 0.78125 0.5703125 0.7619791671875 0.580078125 0.75 0.584375 0.740625 0.587109375 0.7322916671875 0.5953125 0.6765625 0.6 0.6651041671875 0.600390625 0.6557291671875001 0.601953125 0.6520833328125 0.600390625 0.63125 0.59375 0.615625 0.58359375 0.6088541671875001 0.56875 0.6067708328125 0.5578125 0.61875 0.55 0.6348958328125 0.543359375 0.671875 0.538671875 0.684375 0.534375 0.7036458328124999
2 0.496875 0.6541666671875 0.49140625 0.6598958328125 0.491796875 0.6666666671875 0.49453125 0.6729166671875 0.499609375 0.6760416671875 0.5 0.7229166671875 0.501171875 0.725 0.508984375 0.7239583328125 0.51015625 0.7182291671875001 0.514453125 0.7135416671875 0.516015625 0.7088541671875 0.518359375 0.7078125 0.519140625 0.7015625 0.521875 0.7010416671875 0.524609375 0.696875 0.525390625 0.6848958328125 0.53046875 0.68125 0.533203125 0.6666666671875 0.5375 0.6630208328125 0.54140625 0.6625 0.542578125 0.659375 0.544140625 0.6328125 0.548828125 0.61875 0.54921875 0.5947916671875 0.546484375 0.5854166671875001 0.542578125 0.5796875 0.53671875 0.5760416671875 0.53203125 0.5760416671875 0.525 0.5791666671875 0.521875 0.5838541671875 0.51796875 0.5989583328125 0.498828125 0.6395833328125 0.496875 0.6541666671875
2 0.471875 0.61875 0.462890625 0.6213541671875 0.459765625 0.6255208328124999 0.461328125 0.6302083328125 0.46875 0.6333333328124999 0.46953125 0.6661458328125 0.478515625 0.671875 0.48046875 0.671875 0.483984375 0.6552083328125 0.48515625 0.6385416671875 0.48671875 0.6369791671875 0.49609375 0.6380208328125 0.499609375 0.6348958328125 0.5109375 0.6083333328125 0.51796875 0.5979166671875 0.5203125 0.5854166671875001 0.527734375 0.5760416671875 0.526171875 0.5640625 0.522265625 0.5520833328125 0.514453125 0.5447916671875 0.50703125 0.54375 0.501953125 0.5473958328124999 0.487890625 0.5677083328125 0.47578125 0.5921875 0.474609375 0.6161458328125 0.471875 0.61875
2 0.444140625 0.578125 0.442578125 0.584375 0.437890625 0.5921875 0.43671875 0.6041666671875 0.433984375 0.6078125 0.42890625 0.609375 0.42421875 0.6302083328125 0.41796875 0.6375 0.418359375 0.6463541671875 0.42421875 0.6505208328125 0.42734375 0.6572916671875 0.42890625 0.6786458328125 0.431640625 0.6822916671875 0.439453125 0.6822916671875 0.441796875 0.6671875 0.452734375 0.6578125 0.453125 0.628125 0.46484375 0.6197916671875 0.46796875 0.6119791671875 0.469140625 0.6015625 0.480859375 0.5796875 0.48125 0.5604166671875 0.4796875 0.5526041671875 0.473828125 0.5421875 0.4671875 0.5401041671875 0.460546875 0.5416666671875 0.45703125 0.5453125 0.45 0.5625 0.448046875 0.5739583328125 0.444140625 0.578125
2 0.6109375 0.58125 0.602734375 0.58125 0.6 0.5859375 0.60078125 0.5916666671875 0.609375 0.5947916671875 0.6125 0.6229166671875 0.61953125 0.6260416671875 0.621484375 0.6255208328124999 0.621875 0.6177083328124999 0.62421875 0.6171875 0.62578125 0.6130208328125 0.627734375 0.6130208328125 0.63203125 0.6036458328125 0.633984375 0.6026041671875 0.634765625 0.5911458328125 0.637890625 0.5880208328125 0.63828125 0.5630208328124999 0.640234375 0.5458333328125 0.63828125 0.528125 0.6375 0.4927083328125 0.631640625 0.4848958328125 0.62265625 0.4848958328125 0.618359375 0.48854166718750003 0.61484375 0.4973958328125 0.61171875 0.5515625 0.6125 0.5796875 0.6109375 0.58125
2 0.572265625 0.5984375 0.572265625 0.6052083328125 0.583984375 0.6057291671875 0.5875 0.609375 0.591796875 0.6104166671875 0.59375 0.6083333328125 0.59453125 0.5921875 0.596875 0.5869791671875 0.598828125 0.56875 0.6015625 0.565625 0.602734375 0.5598958328125 0.602734375 0.53125 0.6015625 0.5255208328125 0.598046875 0.5197916671875 0.5890625 0.5171875 0.581640625 0.5244791671875 0.58125 0.540625 0.570703125 0.5692708328125 0.569921875 0.5916666671875 0.572265625 0.5984375
2 0.525 0.5578125 0.52890625 0.5661458328125 0.540234375 0.56875 0.540625 0.5744791671875 0.549609375 0.5848958328125 0.550390625 0.6083333328125 0.5546875 0.6088541671875001 0.55625 0.6072916671875 0.556640625 0.5614583328125 0.553125 0.5572916671875 0.55 0.521875 0.54375 0.5041666671875 0.540625 0.5005208328124999 0.533984375 0.5 0.529296875 0.5015625 0.526953125 0.5052083328125 0.52734375 0.5072916671875001 0.525 0.5083333328124999 0.525 0.5578125
2 0.556640625 0.5494791671875 0.55859375 0.5505208328125 0.559765625 0.5567708328125 0.563671875 0.5625 0.571484375 0.5625 0.574609375 0.5578125 0.57578125 0.5338541671875 0.57734375 0.5338541671875 0.579296875 0.528125 0.58125 0.5177083328125 0.583203125 0.5151041671875001 0.5828125 0.509375 0.584375 0.5078125 0.584375 0.4916666671875 0.581640625 0.4838541671875 0.57578125 0.4796875 0.5703125 0.4796875 0.5640625 0.4838541671875 0.558984375 0.5078125 0.556640625 0.5088541671875 0.555859375 0.5135416671875 0.556640625 0.5494791671875
2 0.587890625 0.49114583281249996 0.5921875 0.5114583328125 0.594140625 0.5151041671875001 0.603125 0.5223958328125 0.6046875 0.5291666671875 0.611328125 0.5328125 0.6125 0.5260416671875 0.61171875 0.4583333328125 0.60625 0.4421875 0.59921875 0.434375 0.594140625 0.434375 0.591015625 0.4375 0.58828125 0.4453125 0.58515625 0.478125 0.587890625 0.4848958328125 0.587890625 0.49114583281249996
2 0.53359375 0.49583333281249997 0.5421875 0.4973958328125 0.547265625 0.5015625 0.555859375 0.5046875 0.55859375 0.5041666671875 0.56328125 0.4953125 0.5671875 0.47239583281249997 0.569140625 0.4703125 0.574609375 0.46979166718750004 0.576171875 0.465625 0.57421875 0.46302083281249995 0.562890625 0.46458333281249997 0.558203125 0.45625 0.549609375 0.43177083281249995 0.544921875 0.42760416718750005 0.53671875 0.425 0.530078125 0.4296875 0.52578125 0.4390625 0.526171875 0.46770833281249996 0.530078125 0.490625 0.53359375 0.49583333281249997
2 0.471484375 0.46770833281249996 0.469140625 0.4765625 0.468359375 0.4921875 0.446875 0.4927083328125 0.44765625 0.5036458328125 0.462109375 0.5083333328124999 0.462890625 0.5182291671875 0.471875 0.521875 0.473046875 0.5244791671875 0.48046875 0.5166666671875 0.481640625 0.5119791671875 0.483984375 0.5098958328125 0.484375 0.5255208328125 0.486328125 0.5348958328125 0.48984375 0.5348958328125 0.492578125 0.5322916671875 0.49453125 0.4953125 0.502734375 0.49010416718750005 0.50390625 0.48072916718750003 0.50625 0.42291666718750004 0.49609375 0.4203125 0.487890625 0.4265625 0.478125 0.44635416718750004 0.472265625 0.4526041671875 0.470703125 0.4578125 0.471484375 0.46770833281249996
2 0.5546875 0.4171875 0.556640625 0.44114583281249997 0.56953125 0.4578125 0.57421875 0.45885416718750005 0.57578125 0.465625 0.5859375 0.46666666718750005 0.587890625 0.4427083328125 0.590234375 0.4380208328125 0.584765625 0.4328125 0.580859375 0.41770833281249997 0.568359375 0.3973958328125 0.5578125 0.3958333328125 0.55546875 0.39895833281250004 0.55546875 0.403125 0.554296875 0.40052083281249995 0.551953125 0.409375 0.5546875 0.4171875
2 0.48671875 0.42552083281249997 0.493359375 0.4213541671875 0.495703125 0.4171875 0.4984375 0.41770833281249997 0.500390625 0.42083333281249996 0.505859375 0.421875 0.50625 0.44166666718750003 0.512109375 0.4421875 0.512890625 0.41822916718750003 0.51171875 0.4140625 0.504296875 0.39895833281250004 0.49453125 0.384375 0.487890625 0.3838541671875 0.481640625 0.3869791671875 0.479296875 0.3932291671875 0.480078125 0.41510416718750004 0.48203125 0.4234375 0.48671875 0.42552083281249997
2 0.515234375 0.384375 0.515234375 0.4078125 0.518359375 0.4135416671875 0.51796875 0.4203125 0.523046875 0.4244791671875 0.5296875 0.4244791671875 0.53125 0.421875 0.535546875 0.421875 0.534375 0.396875 0.534765625 0.3932291671875 0.537109375 0.39114583281250004 0.5375 0.3848958328125 0.536328125 0.3838541671875 0.53203125 0.3885416671875 0.530078125 0.3880208328125 0.518359375 0.36666666718749996 0.5125 0.365625 0.50546875 0.36875 0.503125 0.3786458328125 0.512109375 0.3796875 0.5125 0.38333333281250004 0.515234375 0.384375
2 0.4953125 0.3848958328125 0.502734375 0.3958333328125 0.51015625 0.4114583328125 0.5109375 0.403125 0.50859375 0.3864583328125 0.50078125 0.3776041671875 0.49609375 0.36770833281250004 0.4875 0.365625 0.48359375 0.36770833281250004 0.481640625 0.371875 0.48125 0.3854166671875 0.489453125 0.38333333281250004 0.4953125 0.3848958328125
2 0.538671875 0.40416666718750005 0.541796875 0.4078125 0.547265625 0.4088541671875 0.548828125 0.4057291671875 0.55234375 0.40416666718750005 0.55234375 0.3890625 0.5484375 0.3828125 0.54296875 0.36770833281250004 0.532421875 0.3536458328125 0.525 0.35104166718749996 0.51953125 0.35625 0.51953125 0.36666666718749996 0.53046875 0.38333333281250004 0.537890625 0.3848958328125 0.538671875 0.40416666718750005