2 0.39296875 1 0.3984375 0.9875 0.399609375 0.9348958328125001 0.4046875 0.8796875 0.402734375 0.8354166671875 0.39921875 0.8177083328125001 0.394140625 0.8088541671874999 0.380859375 0.8026041671874999 0.365625 0.8026041671874999 0.358984375 0.8057291671875 0.355078125 0.8140625 0.353515625 0.834375 0.345703125 0.875 0.34140625 0.9072916671875 0.3375 0.9744791671874999 0.340625 0.9864583328125001 0.346875 1 0.39296875 1
2 0.472265625 1 0.471484375 0.9348958328125001 0.475390625 0.9104166671874999 0.473828125 0.8854166671874999 0.46953125 0.8734375 0.46015625 0.8604166671875 0.44375 0.85 0.43515625 0.8494791671874999 0.42890625 0.8505208328125 0.42421875 0.8546875 0.412109375 0.8734375 0.40625 0.8890625 0.404296875 0.9015625 0.403125 0.9333333328125001 0.4046875 0.9875 0.40859375 1 0.472265625 1
2 0.56328125 1 0.561328125 0.9635416671874999 0.55625 0.9239583328125001 0.553515625 0.9130208328125 0.546875 0.9041666671874999 0.530859375 0.896875 0.513671875 0.9046875 0.50703125 0.9125 0.503515625 0.9213541671875 0.503125 0.9583333328125001 0.506640625 0.9854166671875 0.51328125 1 0.56328125 1
2 0.556640625 0.8083333328125001 0.5625 0.8348958328125 0.566796875 0.9072916671875 0.573046875 0.9526041671875 0.576953125 0.9619791671875 0.586328125 0.9739583328125001 0.591796875 0.978125 0.60703125 0.984375 0.621484375 0.99375 0.634375 0.9947916671874999 0.646875 0.9989583328125 0.651171875 0.9895833328125001 0.653515625 0.9697916671875 0.653125 0.8994791671875 0.6515625 0.8833333328125 0.648046875 0.8734375 0.633203125 0.85 0.625390625 0.821875 0.60546875 0.7848958328125 0.59921875 0.76875 0.583984375 0.746875 0.58125 0.7458333328125 0.57109375 0.7505208328124999 0.563671875 0.759375 0.5578125 0.771875 0.55625 0.7828125 0.556640625 0.8083333328125001
2 0.64765625 0.8567708328125001 0.65234375 0.8770833328125001 0.653125 0.9078125 0.65625 0.9255208328125001 0.659375 0.9302083328125 0.665625 0.928125 0.676953125 0.9291666671875 0.684765625 0.9354166671874999 0.693359375 0.9473958328125001 0.705859375 0.9572916671874999 0.70703125 0.878125 0.713671875 0.8744791671875 0.72421875 0.8734375 0.72578125 0.8697916671874999 0.725390625 0.8604166671875 0.720703125 0.8552083328125001 0.712109375 0.85625 0.709765625 0.8546875 0.7015625 0.828125 0.690625 0.8026041671874999 0.68671875 0.7822916671875 0.682421875 0.7723958328125 0.68046875 0.7630208328125 0.67578125 0.7552083328125 0.674609375 0.7427083328124999 0.66796875 0.7359375 0.655859375 0.7333333328125 0.644921875 0.7411458328125 0.63828125 0.7510416671875 0.637109375 0.7734375 0.646484375 0.8359375 0.64765625 0.8567708328125001
2 0.575 0.7520833328125 0.572265625 0.759375 0.583984375 0.7625 0.59140625 0.7677083328125 0.5984375 0.7765625 0.60703125 0.7932291671875 0.61953125 0.7989583328125 0.6234375 0.7885416671875001 0.625 0.775 0.6265625 0.7375 0.625390625 0.7161458328125 0.627734375 0.6963541671875 0.62734375 0.6817708328125 0.621484375 0.6328125 0.608984375 0.625 0.605078125 0.6244791671875001 0.596484375 0.6270833328125 0.58671875 0.6447916671875 0.584375 0.6963541671875 0.58203125 0.7151041671875 0.575 0.7520833328125
2 0.478125 0.6604166671875 0.480078125 0.7088541671875 0.468359375 0.7348958328124999 0.475390625 0.7494791671875001 0.48125 0.7703125 0.49296875 0.7833333328125 0.508984375 0.7776041671875 0.519921875 0.76875 0.523046875 0.7635416671875 0.52578125 0.7505208328124999 0.525390625 0.7208333328125 0.527734375 0.6947916671875001 0.533984375 0.6572916671875 0.53671875 0.6255208328124999 0.53671875 0.6052083328125 0.534375 0.5817708328125 0.531640625 0.5744791671875 0.52890625 0.5723958328125 0.518359375 0.5723958328125 0.50390625 0.5796875 0.4875 0.6083333328125 0.48203125 0.63125 0.48125 0.6453125 0.478125 0.6604166671875
2 0.609765625 0.5317708328124999 0.60390625 0.5276041671875 0.5953125 0.5255208328125 0.58828125 0.5296875 0.58515625 0.5375 0.58359375 0.596875 0.591015625 0.6385416671875 0.594218446875 0.6353763515625 0.5972991796875 0.6237326609375 0.60022929375 0.6292047859375 0.6014013203124999 0.62685956875 0.609765625 0.6380208328125 0.61328125 0.6328125 0.6140625 0.5739583328125 0.612109375 0.5447916671875 0.609765625 0.5317708328124999
2 0.438671875 0.56875 0.43515625 0.5807291671875 0.4328125 0.6067708328125 0.426171875 0.6307291671875 0.42734375 0.6489583328124999 0.430859375 0.653125 0.445703125 0.65625 0.45078125 0.6515625 0.455859375 0.65 0.466015625 0.6494791671875 0.48125 0.6520833328125 0.486328125 0.6453125 0.4921875 0.6286458328125 0.49375 0.6145833328125 0.497265625 0.6010416671875001 0.507421875 0.5770833328125 0.513671875 0.5703125 0.5109375 0.5416666671875 0.505078125 0.5234375 0.496875 0.5151041671875001 0.48671875 0.5151041671875001 0.472265625 0.5244791671875 0.4625 0.5369791671875 0.454296875 0.5515625 0.4453125 0.5583333328125 0.438671875 0.56875
2 0.521484375 0.5734375 0.531640625 0.5791666671875 0.5359375 0.5739583328125 0.54296875 0.5546875 0.543359375 0.5140625 0.540234375 0.48125 0.533984375 0.47239583281249997 0.5265625 0.47083333281249995 0.518359375 0.47291666718750003 0.51328125 0.4791666671875 0.51328125 0.5109375 0.517578125 0.5682291671875 0.521484375 0.5734375
2 0.466015625 0.5348958328125 0.46875 0.5354166671875 0.473046875 0.53125 0.48125 0.5177083328125 0.483203125 0.509375 0.483203125 0.4994791671875 0.476953125 0.4546875 0.472265625 0.44895833281249997 0.468359375 0.44895833281249997 0.46484375 0.4526041671875 0.46328125 0.45729166718750003 0.4625 0.4947916671875 0.4640625 0.5302083328125 0.466015625 0.5348958328125
2 0.486328125 0.5083333328124999 0.49140625 0.51875 0.50703125 0.5223958328125 0.51015625 0.51875 0.51171875 0.5083333328124999 0.509765625 0.49635416718750003 0.5109375 0.4765625 0.509765625 0.4682291671875 0.498828125 0.4401041671875 0.494140625 0.43541666718750005 0.490234375 0.43541666718750005 0.478125 0.44114583281249997 0.4765625 0.4447916671875 0.4765625 0.4546875 0.482421875 0.4734375 0.486328125 0.5083333328124999
2 0.493359375 0.42083333281249996 0.49296875 0.43385416718750003 0.49609375 0.434375 0.496875 0.44114583281249997 0.49921875 0.44166666718750003 0.5 0.41822916718750003 0.50625 0.4036458328125 0.505859375 0.3786458328125 0.501953125 0.3692708328125 0.493359375 0.3671875 0.487109375 0.3760416671875 0.486328125 0.40520833281249996 0.490234375 0.41197916718750005 0.491015625 0.4192708328125 0.493359375 0.42083333281249996
2 0.519921875 0.43385416718750003 0.523828125 0.43125 0.524609375 0.4270833328125 0.525 0.45 0.53359375 0.45 0.534765625 0.4270833328125 0.537109375 0.425 0.537890625 0.41770833281249997 0.540625 0.4145833328125 0.539453125 0.4125 0.531640625 0.4114583328125 0.52890625 0.3932291671875 0.5234375 0.37552083281250004 0.52109375 0.3713541671875 0.516015625 0.3708333328125 0.5109375 0.3713541671875 0.50625 0.3796875 0.506640625 0.43333333281249997 0.510546875 0.4348958328125 0.519921875 0.43385416718750003
2 0.523046875 0.3760416671875 0.525390625 0.3869791671875 0.5296875 0.3880208328125 0.53515625 0.36770833281250004 0.534375 0.3380208328125 0.5296875 0.3270833328125 0.521484375 0.325 0.5140625 0.33645833281250004 0.513671875 0.3567708328125 0.516015625 0.3682291671875 0.51953125 0.37447916718749996 0.523046875 0.3760416671875
2 0.50546875 0.3682291671875 0.506640625 0.3260416671875 0.491015625 0.325 0.48984375 0.3333333328125 0.487890625 0.334375 0.4875 0.365625 0.489453125 0.36770833281250004 0.50546875 0.3682291671875