2 0.3859375 1 0.39453125 0.9864583328125001 0.3984375 0.9177083328125001 0.39765625 0.8973958328125 0.387109375 0.8630208328125001 0.381640625 0.8583333328125 0.368359375 0.8546875 0.353125 0.8578125 0.347265625 0.8708333328125001 0.337109375 0.9276041671874999 0.333984375 0.9729166671874999 0.335546875 1 0.3859375 1
2 0.483984375 1 0.475390625 0.9338541671874999 0.471875 0.9223958328125 0.461328125 0.9020833328125001 0.43359375 0.8854166671874999 0.428515625 0.8854166671874999 0.421875 0.8994791671875 0.413671875 0.9265625 0.41328125 0.9765625 0.418359375 1 0.483984375 1
2 0.68046875 1 0.68046875 0.975 0.67421875 0.9411458328125001 0.6640625 0.9067708328125 0.6375 0.8411458328125001 0.623828125 0.8197916671875 0.606640625 0.8104166671874999 0.5921875 0.8104166671874999 0.5875 0.815625 0.583203125 0.828125 0.580078125 0.8458333328125001 0.580078125 0.8598958328125 0.58359375 0.9421875 0.59296875 1 0.68046875 1
2 0.741015625 1 0.75078125 0.9104166671874999 0.747265625 0.9 0.703125 0.8171875 0.686328125 0.7901041671875 0.66953125 0.7791666671875 0.658203125 0.7796875 0.65078125 0.784375 0.6390625 0.7963541671875001 0.631640625 0.8109375 0.63125 0.8234375 0.667578125 0.9609375 0.679296875 0.9895833328125001 0.681640625 0.9927083328125 0.712890625 1 0.741015625 1
2 0.621484375 0.66875 0.61796875 0.634375 0.614453125 0.6276041671875 0.6015625 0.6276041671875 0.59453125 0.64375 0.5625 0.7609375 0.5625 0.7723958328125 0.569921875 0.7947916671875 0.606640625 0.8005208328125001 0.6140625 0.7994791671875 0.618359375 0.7942708328125 0.621484375 0.66875
2 0.608984375 0.5427083328125 0.587890625 0.5432291671875 0.581640625 0.5598958328125 0.578515625 0.59375 0.578515625 0.653125 0.579296875 0.6557291671875001 0.59140625 0.6541666671875 0.6125 0.6239583328125 0.6125 0.55 0.608984375 0.5427083328125
2 0.51640625 0.7395833328125 0.521484375 0.7223958328125 0.53671875 0.6208333328125 0.535546875 0.6046875 0.528515625 0.5890625 0.51875 0.5854166671875001 0.5046875 0.5895833328125 0.496484375 0.5984375 0.48828125 0.6130208328125 0.4734375 0.66875 0.465234375 0.7348958328124999 0.46484375 0.7734375 0.46640625 0.7864583328125 0.47109375 0.7947916671875 0.48359375 0.7942708328125 0.49921875 0.7786458328125 0.51640625 0.7395833328125
2 0.48125 0.6505208328125 0.516015625 0.5822916671875 0.513671875 0.5447916671875 0.50859375 0.5317708328124999 0.496875 0.5239583328124999 0.487109375 0.525 0.444921875 0.553125 0.43515625 0.5796875 0.424609375 0.6375 0.42578125 0.653125 0.428125 0.659375 0.433984375 0.665625 0.446875 0.6713541671875001 0.468359375 0.6708333328125 0.48125 0.6505208328125
2 0.5375 0.5677083328125 0.53984375 0.5223958328125 0.538671875 0.4947916671875 0.533203125 0.48854166718750003 0.5234375 0.48645833281249995 0.516015625 0.48854166718750003 0.512890625 0.4947916671875 0.5140625 0.5572916671875 0.51640625 0.5822916671875 0.52890625 0.5989583328125 0.53125 0.5994791671875 0.533984375 0.5953125 0.5375 0.5677083328125
2 0.479296875 0.45520833281249995 0.47265625 0.45104166718750005 0.465234375 0.45104166718750005 0.458203125 0.45677083281249997 0.45546875 0.46770833281249996 0.448828125 0.5536458328125 0.44921875 0.5588541671875 0.453125 0.5614583328125 0.459765625 0.5588541671875 0.4828125 0.5302083328125 0.479296875 0.45520833281249995
2 0.51484375 0.4817708328125 0.5109375 0.4692708328125 0.5046875 0.45520833281249995 0.49765625 0.44895833281249997 0.491015625 0.4484375 0.481640625 0.4557291671875 0.49453125 0.51875 0.503125 0.5255208328125 0.508984375 0.525 0.5125 0.5182291671875 0.51484375 0.49375 0.51484375 0.4817708328125
2 0.511328125 0.4088541671875 0.50546875 0.3817708328125 0.50078125 0.3776041671875 0.494140625 0.378125 0.488671875 0.3807291671875 0.485546875 0.3880208328125 0.48671875 0.415625 0.491015625 0.43125 0.501171875 0.44947916718750003 0.508984375 0.44947916718750003 0.511328125 0.4328125 0.511328125 0.4088541671875
2 0.537890625 0.4234375 0.526171875 0.3817708328125 0.5140625 0.378125 0.50703125 0.3875 0.50859375 0.4203125 0.519140625 0.45416666718750004 0.526953125 0.4604166671875 0.54296875 0.4614583328125 0.54375 0.45677083281249997 0.537890625 0.4234375
2 0.532421875 0.3421875 0.52265625 0.3328125 0.5140625 0.3348958328125 0.51015625 0.3421875 0.51015625 0.35625 0.518359375 0.3880208328125 0.520703125 0.39010416718749996 0.528515625 0.3885416671875 0.53515625 0.3739583328125 0.532421875 0.3421875
2 0.50625 0.3385416671875 0.5 0.3291666671875 0.488671875 0.3296875 0.487109375 0.3338541671875 0.484375 0.36875 0.490625 0.3791666671875 0.49609375 0.3796875 0.499609375 0.3770833328125 0.50625 0.3640625 0.50625 0.3385416671875