2 0.515234375 0.7567708328125 0.5140625 0.7760416671875 0.511328125 0.784375 0.51328125 0.8515625 0.5140625 0.8546875 0.519140625 0.8588541671875 0.5265625 0.859375 0.533203125 0.8557291671874999 0.541015625 0.8401041671874999 0.55625 0.825 0.562890625 0.8078125 0.562109375 0.7838541671875 0.563671875 0.7791666671875 0.5671875 0.7729166671875001 0.574609375 0.7671875 0.580078125 0.7572916671875001 0.58359375 0.7572916671875001 0.5875 0.7489583328125 0.58828125 0.7203125 0.590625 0.7140625 0.591796875 0.7005208328125 0.589453125 0.6619791671875 0.58671875 0.653125 0.58046875 0.6442708328125 0.5703125 0.6411458328124999 0.5609375 0.6442708328125 0.553515625 0.6536458328125 0.532421875 0.7135416671875 0.521875 0.7354166671875 0.515234375 0.7567708328125
2 0.469140625 0.6973958328125 0.474609375 0.7036458328124999 0.47578125 0.7588541671875 0.486328125 0.7583333328124999 0.48828125 0.7515625 0.49921875 0.74375 0.5 0.7390625 0.505859375 0.7328125 0.51015625 0.7192708328124999 0.515625 0.7145833328125 0.51796875 0.7083333328125 0.519140625 0.6958333328124999 0.524609375 0.6890625 0.526171875 0.6833333328125 0.5296875 0.6802083328124999 0.53671875 0.665625 0.540234375 0.6473958328125 0.5375 0.6177083328124999 0.5359375 0.6130208328125 0.527734375 0.6036458328125 0.523828125 0.6010416671875001 0.516796875 0.6010416671875001 0.510546875 0.6072916671875 0.496484375 0.6322916671875001 0.478515625 0.6744791671875 0.46953125 0.6770833328125 0.469140625 0.6973958328125
2 0.459765625 0.6333333328124999 0.444140625 0.628125 0.44453125 0.64375 0.446875 0.6479166671875001 0.44765625 0.6578125 0.44921875 0.6604166671875 0.449609375 0.6901041671875 0.45078125 0.6921875 0.45546875 0.6927083328125 0.458203125 0.6854166671875 0.467578125 0.6833333328125 0.46953125 0.675 0.475 0.6739583328125 0.47578125 0.6703125 0.487890625 0.6520833328125 0.497265625 0.6291666671875 0.50625 0.6161458328125 0.508984375 0.609375 0.51875 0.5984375 0.518359375 0.578125 0.515234375 0.5677083328125 0.509375 0.5625 0.500390625 0.5619791671875001 0.4953125 0.5651041671875 0.471875 0.5994791671875 0.46484375 0.6239583328125 0.4625 0.6260416671875 0.459765625 0.6333333328124999
2 0.438671875 0.584375 0.4375 0.590625 0.434375 0.5927083328125 0.43203125 0.6 0.431640625 0.6442708328125 0.426953125 0.6484375 0.4203125 0.6505208328125 0.419140625 0.6557291671875001 0.419921875 0.6625 0.43046875 0.665625 0.434375 0.6984375 0.4375 0.7010416671875 0.442578125 0.7 0.44375 0.696875 0.44375 0.6708333328125 0.446875 0.6572916671875 0.446484375 0.6489583328124999 0.444140625 0.6427083328125 0.444140625 0.628125 0.458203125 0.6255208328124999 0.468359375 0.5989583328125 0.475390625 0.5895833328125 0.475 0.5682291671875 0.470703125 0.5526041671875 0.463671875 0.5442708328125 0.45390625 0.54375 0.44765625 0.55 0.44609375 0.5604166671875 0.442578125 0.5692708328125 0.441015625 0.5817708328125 0.438671875 0.584375
2 0.53125 0.5989583328125 0.540625 0.6234375 0.546484375 0.6276041671875 0.550390625 0.6395833328125 0.55625 0.6416666671875 0.5671875 0.640625 0.5703125 0.6255208328124999 0.57109375 0.6052083328125 0.569921875 0.6005208328125 0.563671875 0.596875 0.561328125 0.5932291671875001 0.55078125 0.5614583328125 0.53984375 0.5354166671875 0.52578125 0.5322916671875 0.522265625 0.5348958328125 0.520703125 0.5494791671875 0.520703125 0.5838541671875 0.522265625 0.596875 0.53125 0.5989583328125
2 0.587109375 0.6296875 0.59296875 0.6328125 0.597265625 0.6286458328125 0.600390625 0.6177083328124999 0.608203125 0.615625 0.61015625 0.6109375 0.61015625 0.5776041671875001 0.6140625 0.5369791671875 0.61328125 0.5296875 0.6078125 0.5223958328125 0.59609375 0.5192708328125 0.59296875 0.521875 0.584375 0.5421875 0.580859375 0.575 0.58046875 0.6192708328125 0.587109375 0.6296875
2 0.555078125 0.5348958328125 0.553125 0.5520833328125 0.55390625 0.5651041671875 0.56171875 0.5885416671875 0.5625 0.5963541671875 0.567578125 0.5994791671875 0.571484375 0.6072916671875 0.57421875 0.609375 0.577734375 0.609375 0.579296875 0.6041666671875 0.58125 0.575 0.58515625 0.56875 0.58359375 0.5604166671875 0.583984375 0.5395833328124999 0.5859375 0.53125 0.590625 0.521875 0.590234375 0.515625 0.58671875 0.5088541671875 0.580859375 0.5046875 0.57734375 0.5046875 0.572265625 0.5052083328125 0.56796875 0.5083333328124999 0.56484375 0.5197916671875 0.557421875 0.528125 0.555078125 0.5348958328125
2 0.616015625 0.5932291671875001 0.61171875 0.6020833328124999 0.61171875 0.6078125 0.6171875 0.6114583328125 0.62421875 0.6104166671875 0.63828125 0.603125 0.63984375 0.5989583328125 0.637890625 0.5932291671875001 0.6390625 0.5833333328125 0.63828125 0.5677083328125 0.641796875 0.5494791671875 0.64140625 0.5244791671875 0.6328125 0.4921875 0.6296875 0.48854166718750003 0.623828125 0.4859375 0.615625 0.4921875 0.612890625 0.5041666671875 0.614453125 0.5442708328125 0.61171875 0.565625 0.616015625 0.5932291671875001
2 0.531640625 0.5088541671875 0.533984375 0.509375 0.5375 0.5328125 0.540625 0.5354166671875 0.542578125 0.5411458328125 0.552734375 0.5416666671875 0.55703125 0.5260416671875 0.562109375 0.5197916671875 0.564453125 0.5104166671875 0.5625 0.4895833328125 0.5625 0.4614583328125 0.559765625 0.45104166718750005 0.555078125 0.44375 0.543359375 0.44166666718750003 0.534375 0.45104166718750005 0.53203125 0.45729166718750003 0.53125 0.49427083281249995 0.5265625 0.5026041671875 0.531640625 0.5088541671875
2 0.47265625 0.4625 0.46875 0.478125 0.468359375 0.5109375 0.465234375 0.5140625 0.466015625 0.5255208328125 0.473828125 0.528125 0.476953125 0.5364583328125 0.48125 0.5411458328125 0.49140625 0.54375 0.494140625 0.5390625 0.49453125 0.5265625 0.495703125 0.5265625 0.497265625 0.49322916718750004 0.49921875 0.4895833328125 0.50078125 0.4921875 0.505859375 0.4869791671875 0.50703125 0.4625 0.50546875 0.4359375 0.500390625 0.4270833328125 0.49453125 0.4234375 0.487890625 0.425 0.48515625 0.42864583281249996 0.478515625 0.446875 0.476953125 0.45677083281249997 0.47265625 0.4625
2 0.58671875 0.4916666671875 0.585546875 0.4921875 0.58515625 0.5036458328125 0.58828125 0.5098958328125 0.590625 0.5109375 0.592578125 0.509375 0.594140625 0.5182291671875 0.60390625 0.5177083328125 0.605859375 0.5182291671875 0.60703125 0.5213541671875 0.609375 0.5213541671875 0.611328125 0.5182291671875 0.612890625 0.49375 0.618359375 0.48802083281249997 0.61875 0.4796875 0.6125 0.45989583281249996 0.60703125 0.44895833281249997 0.60625 0.4380208328125 0.599609375 0.43541666718750005 0.596484375 0.43177083281249995 0.590625 0.4380208328125 0.589453125 0.45729166718750003 0.5875 0.45989583281249996 0.586328125 0.47239583281249997 0.58671875 0.4916666671875
2 0.574609375 0.475 0.575390625 0.4583333328125 0.580859375 0.459375 0.581640625 0.4625 0.587109375 0.46197916718750004 0.588671875 0.43385416718750003 0.598046875 0.43385416718750003 0.60546875 0.4375 0.60859375 0.44427083281249996 0.61171875 0.459375 0.61328125 0.4625 0.615234375 0.4625 0.616015625 0.45989583281249996 0.612890625 0.45416666718750004 0.6125 0.44322916718750005 0.609765625 0.440625 0.607421875 0.43385416718750003 0.583984375 0.4114583328125 0.577734375 0.40989583281249997 0.565625 0.4140625 0.566015625 0.4375 0.567578125 0.4390625 0.569140625 0.47291666718750003 0.574609375 0.475
2 0.496875 0.41770833281249997 0.4984375 0.42395833281249995 0.50546875 0.43385416718750003 0.507421875 0.446875 0.507421875 0.4609375 0.521484375 0.4609375 0.521875 0.4171875 0.516796875 0.41822916718750003 0.512890625 0.4140625 0.509765625 0.4078125 0.509765625 0.40052083281249995 0.49609375 0.3994791671875 0.490625 0.40416666718750005 0.48828125 0.4114583328125 0.49140625 0.42083333281249996 0.49453125 0.42083333281249996 0.496875 0.41770833281249997
2 0.489453125 0.4078125 0.49140625 0.40260416718750003 0.49609375 0.3984375 0.509375 0.40052083281249995 0.51015625 0.40989583281249997 0.517578125 0.4244791671875 0.51953125 0.4322916671875 0.521484375 0.4328125 0.521875 0.43854166718750004 0.524609375 0.43854166718750004 0.524609375 0.4270833328125 0.520703125 0.409375 0.512109375 0.3994791671875 0.5109375 0.3942708328125 0.5046875 0.3854166671875 0.497265625 0.38229166718749996 0.492578125 0.3838541671875 0.48984375 0.3880208328125 0.487890625 0.3953125 0.48828125 0.40729166718750004 0.489453125 0.4078125
2 0.51875 0.4067708328125 0.521875 0.4088541671875 0.524609375 0.41822916718750003 0.53515625 0.43385416718750003 0.5421875 0.43385416718750003 0.54609375 0.4359375 0.546875 0.43385416718750003 0.54375 0.4213541671875 0.542578125 0.40416666718750005 0.532421875 0.39375 0.525390625 0.3817708328125 0.516796875 0.3791666671875 0.512109375 0.3838541671875 0.510546875 0.3880208328125 0.511328125 0.3942708328125 0.518359375 0.4036458328125 0.51875 0.4067708328125
2 0.54453125 0.4109375 0.546875 0.415625 0.553125 0.41770833281249997 0.55625 0.421875 0.55859375 0.4322916671875 0.56015625 0.4328125 0.5625 0.4302083328125 0.56328125 0.4213541671875 0.566015625 0.41302083281249996 0.568359375 0.4114583328125 0.568359375 0.40729166718750004 0.562890625 0.396875 0.56171875 0.3890625 0.550390625 0.3739583328125 0.549609375 0.36770833281250004 0.544140625 0.3661458328125 0.54296875 0.3630208328125 0.536328125 0.3619791671875 0.530859375 0.3661458328125 0.527734375 0.38229166718749996 0.5359375 0.3958333328125 0.543359375 0.4015625 0.54453125 0.4109375
2 0.5 0.3802083328125 0.504296875 0.384375 0.508984375 0.3838541671875 0.517578125 0.3786458328125 0.519140625 0.36770833281250004 0.521484375 0.365625 0.52265625 0.3536458328125 0.524609375 0.3515625 0.524609375 0.3395833328125 0.522265625 0.33645833281250004 0.521484375 0.3296875 0.51953125 0.3291666671875 0.518359375 0.3255208328125 0.512890625 0.3255208328125 0.5125 0.3333333328125 0.505859375 0.3421875 0.503515625 0.3604166671875 0.5 0.3661458328125 0.5 0.3802083328125
2 0.478125 0.3484375 0.480859375 0.3505208328125 0.480859375 0.3739583328125 0.481640625 0.37552083281250004 0.48671875 0.37552083281250004 0.487890625 0.3708333328125 0.490625 0.3703125 0.490625 0.3640625 0.491796875 0.3635416671875 0.4921875 0.3786458328125 0.494921875 0.3817708328125 0.496484375 0.3786458328125 0.496484375 0.31302083281250004 0.484375 0.3125 0.483984375 0.3244791671875 0.481640625 0.3260416671875 0.481640625 0.340625 0.478125 0.3421875 0.478125 0.3484375