2 0.384765625 1 0.392578125 0.9880208328125001 0.396484375 0.9598958328125 0.398828125 0.8963541671874999 0.39453125 0.8666666671875 0.387890625 0.8552083328125001 0.380859375 0.8505208328125 0.366796875 0.8479166671874999 0.35703125 0.8515625 0.348828125 0.8588541671875 0.340625 0.9130208328125 0.33828125 0.940625 0.337890625 0.9786458328125001 0.33984375 0.990625 0.34453125 1 0.384765625 1
2 0.4640625 0.8927083328125001 0.45859375 0.8875 0.430859375 0.8755208328125 0.428125 0.8776041671874999 0.42109375 0.89375 0.415234375 0.9125 0.416015625 0.9770833328125 0.4171875 0.9869791671874999 0.421875 0.9994791671875 0.480859375 1 0.475 0.9244791671874999 0.4640625 0.8927083328125001
2 0.675390625 1 0.6765625 0.9625 0.673828125 0.9421875 0.6625 0.9072916671875 0.62421875 0.8223958328125001 0.60859375 0.8078125 0.594140625 0.8057291671875 0.581640625 0.8203125 0.57734375 0.8385416671874999 0.576953125 0.8505208328125 0.5875 0.95 0.59609375 0.978125 0.608203125 0.9942708328125001 0.637109375 1 0.675390625 1
2 0.728125 1 0.74375 0.9109375 0.744140625 0.8989583328125 0.687109375 0.790625 0.676953125 0.7770833328125 0.66796875 0.771875 0.655859375 0.7708333328125 0.640625 0.784375 0.633984375 0.8010416671874999 0.6328125 0.8177083328125001 0.6359375 0.8447916671875 0.67109375 0.9578125 0.706640625 1 0.728125 1
2 0.621484375 0.7619791671875 0.621875 0.6770833328125 0.616796875 0.6307291671875 0.613671875 0.6286458328125 0.60703125 0.6302083328125 0.591796875 0.6541666671875 0.5890625 0.6635416671875001 0.56640625 0.7614583328125 0.566796875 0.765625 0.575 0.7947916671875 0.615625 0.796875 0.6203125 0.7890625 0.621484375 0.7619791671875
2 0.60625 0.5416666671875 0.59140625 0.5411458328125 0.583984375 0.5510416671875 0.58125 0.5625 0.578515625 0.6447916671875 0.58515625 0.6796875 0.6125 0.6229166671875 0.612109375 0.55 0.609765625 0.5442708328125 0.60625 0.5416666671875
2 0.521875 0.7197916671875 0.53984375 0.621875 0.538671875 0.6088541671875001 0.52890625 0.5880208328125 0.521875 0.5848958328125 0.505078125 0.5869791671875 0.499609375 0.5911458328125 0.48828125 0.609375 0.47265625 0.6713541671875001 0.467578125 0.7328125 0.46640625 0.7635416671875 0.471484375 0.7765625 0.480859375 0.7911458328125 0.49609375 0.7807291671875001 0.51015625 0.7598958328125 0.521875 0.7197916671875
2 0.47109375 0.6671875 0.47890625 0.6557291671875001 0.515234375 0.58125 0.515625 0.5552083328124999 0.51015625 0.5328125 0.500390625 0.5239583328124999 0.490625 0.521875 0.45625 0.5359375 0.444140625 0.5453125 0.4390625 0.5583333328125 0.425 0.6322916671875001 0.42578125 0.6515625 0.428515625 0.6588541671875 0.43359375 0.6640625 0.444140625 0.6703125 0.466796875 0.6708333328125 0.47109375 0.6671875
2 0.534375 0.5916666671875 0.537890625 0.5630208328124999 0.53984375 0.49375 0.53359375 0.48645833281249995 0.522265625 0.4828125 0.51484375 0.48541666718750004 0.5109375 0.49322916718750004 0.510546875 0.51875 0.513671875 0.5822916671875 0.519921875 0.590625 0.528515625 0.5973958328125 0.531640625 0.5973958328125 0.534375 0.5916666671875
2 0.480078125 0.4546875 0.472265625 0.44895833281249997 0.465625 0.44947916718750003 0.46015625 0.45520833281249995 0.45703125 0.46875 0.4515625 0.5427083328125 0.453125 0.5583333328125 0.45625 0.5583333328125 0.481640625 0.5328125 0.487109375 0.5203125 0.480078125 0.4546875
2 0.514453125 0.478125 0.509375 0.46302083281249995 0.501953125 0.45104166718750005 0.495703125 0.44635416718750004 0.4890625 0.44739583281249995 0.48046875 0.4546875 0.492578125 0.5192708328125 0.503125 0.5255208328125 0.50859375 0.525 0.5125 0.515625 0.51484375 0.4859375 0.514453125 0.478125
2 0.505859375 0.38333333281250004 0.50078125 0.375 0.4875 0.37552083281250004 0.484765625 0.38333333281250004 0.484765625 0.4078125 0.500390625 0.459375 0.50546875 0.459375 0.509375 0.4213541671875 0.509375 0.3984375 0.505859375 0.38333333281250004
2 0.540625 0.4223958328125 0.527734375 0.3838541671875 0.523828125 0.3796875 0.51328125 0.3786458328125 0.508203125 0.384375 0.509765625 0.41510416718750004 0.52265625 0.4505208328125 0.52890625 0.4557291671875 0.537109375 0.4583333328125 0.539453125 0.45 0.540625 0.4223958328125
2 0.50625 0.328125 0.501171875 0.325 0.4875 0.3260416671875 0.484765625 0.3421875 0.485546875 0.3697916671875 0.48828125 0.3739583328125 0.506640625 0.3807291671875 0.5078125 0.3708333328125 0.50625 0.328125
2 0.530859375 0.33645833281250004 0.52421875 0.33125 0.518359375 0.3307291671875 0.512109375 0.3385416671875 0.51171875 0.3583333328125 0.516015625 0.3776041671875 0.520703125 0.3854166671875 0.53046875 0.38333333281250004 0.53515625 0.3703125 0.530859375 0.33645833281250004