2 0.351953125 0.8625 0.353515625 0.8947916671874999 0.357421875 0.9229166671875 0.35859375 0.9473958328125001 0.36328125 0.9630208328125001 0.366015625 0.98125 0.36875 0.98125 0.37265625 0.9625 0.385546875 0.9317708328125001 0.399609375 0.875 0.400390625 0.8479166671874999 0.40390625 0.834375 0.40703125 0.8119791671875 0.415625 0.7854166671875 0.414453125 0.7708333328125 0.40625 0.74375 0.394140625 0.7317708328125 0.3828125 0.73125 0.373046875 0.7354166671875 0.365234375 0.7463541671875 0.355078125 0.7963541671875001 0.353125 0.815625 0.351953125 0.8625
2 0.459765625 1 0.468359375 0.9869791671874999 0.469140625 0.9755208328125 0.467578125 0.9067708328125 0.465625 0.8770833328125001 0.4625 0.85625 0.45703125 0.8364583328125 0.453515625 0.8109375 0.45078125 0.8041666671875 0.446875 0.7989583328125 0.440625 0.7953125 0.43203125 0.7927083328125 0.420703125 0.7927083328125 0.414453125 0.7953125 0.4125 0.8005208328125001 0.412890625 0.8255208328125001 0.409375 0.8744791671875 0.409375 0.9244791671874999 0.406640625 0.9625 0.40859375 0.9869791671874999 0.41328125 1 0.459765625 1
2 0.5546875 1 0.5671875 0.9786458328125001 0.56875 0.9739583328125001 0.569140625 0.9619791671875 0.566796875 0.9432291671874999 0.55234375 0.8770833328125001 0.54375 0.8541666671874999 0.535546875 0.8203125 0.526171875 0.8067708328125001 0.508984375 0.7942708328125 0.505859375 0.79375 0.4921875 0.8078125 0.490234375 0.8177083328125001 0.49140625 0.8489583328125001 0.4984375 0.9145833328125 0.501171875 0.9895833328125001 0.50546875 1 0.519921875 0.9984375 0.523828125 1 0.5546875 1
2 0.648828125 1 0.646484375 0.9588541671874999 0.643359375 0.94375 0.63828125 0.9291666671875 0.633984375 0.9234375 0.62890625 0.9109375 0.62109375 0.9041666671874999 0.614453125 0.8833333328125 0.611328125 0.8786458328125001 0.597265625 0.8692708328125001 0.58359375 0.8682291671875 0.576953125 0.871875 0.56875 0.8817708328125 0.566796875 0.8880208328125001 0.56640625 0.8984375 0.566796875 0.915625 0.570703125 0.9369791671875 0.573046875 0.9630208328125001 0.58125 1 0.648828125 1
2 0.633203125 0.7697916671875 0.633984375 0.8177083328125001 0.640234375 0.8619791671874999 0.64609375 0.8828125 0.659375 0.8921875 0.671484375 0.8848958328125001 0.68046875 0.8828125 0.68359375 0.8776041671874999 0.684375 0.8463541671874999 0.683203125 0.8302083328125001 0.683984375 0.8229166671874999 0.6890625 0.8098958328125001 0.689453125 0.7953125 0.687109375 0.7833333328125 0.685546875 0.7583333328124999 0.676953125 0.7203125 0.666015625 0.6895833328125 0.65859375 0.6791666671875001 0.64375 0.6760416671875 0.633203125 0.6822916671875 0.62890625 0.6895833328125 0.626953125 0.6953125 0.6265625 0.715625 0.633203125 0.7697916671875
2 0.54140625 0.7963541671875001 0.5484375 0.8348958328125 0.5546875 0.8489583328125001 0.555859375 0.8588541671875 0.558984375 0.8645833328125001 0.57265625 0.8692708328125001 0.597265625 0.8723958328125001 0.60390625 0.8666666671875 0.60625 0.859375 0.609765625 0.825 0.609375 0.8098958328125001 0.60703125 0.7958333328125 0.59375 0.7598958328125 0.588671875 0.7375 0.583203125 0.7213541671875 0.5828125 0.7078125 0.58046875 0.7020833328125 0.57578125 0.6984375 0.56484375 0.6953125 0.55234375 0.6942708328125 0.54375 0.6979166671875 0.539453125 0.7046875 0.537890625 0.7098958328125 0.537109375 0.7270833328124999 0.54140625 0.7963541671875001
2 0.58671875 0.73125 0.58671875 0.7463541671875 0.594140625 0.7755208328125 0.60390625 0.790625 0.609375 0.7932291671875 0.616015625 0.7833333328125 0.61484375 0.7447916671875 0.61640625 0.7234375 0.6203125 0.7083333328125 0.625390625 0.6963541671875 0.626171875 0.6807291671875 0.620703125 0.6354166671875 0.6171875 0.6302083328125 0.605859375 0.625 0.598046875 0.6276041671875 0.594140625 0.6317708328125 0.591015625 0.6447916671875 0.590625 0.7078125 0.58671875 0.73125
2 0.493359375 0.6270833328125 0.49296875 0.63125 0.487890625 0.6364583328125 0.486328125 0.6510416671875 0.481640625 0.659375 0.476171875 0.7046875 0.47578125 0.7145833328125 0.477734375 0.7177083328125 0.481640625 0.7213541671875 0.485546875 0.721875 0.490234375 0.7286458328125 0.501953125 0.7328125 0.523046875 0.7328125 0.528515625 0.7229166671875 0.534375 0.7166666671875 0.537890625 0.7020833328125 0.53828125 0.6432291671875 0.54375 0.6229166671875 0.541015625 0.5786458328124999 0.536328125 0.5598958328125 0.53046875 0.5572916671875 0.520703125 0.5572916671875 0.5140625 0.5625 0.51015625 0.5682291671875 0.499609375 0.6083333328125 0.498828125 0.6161458328125 0.493359375 0.6270833328125
2 0.578515625 0.6104166671875 0.584375 0.6239583328125 0.58671875 0.625 0.58828125 0.621875 0.591796875 0.6229166671875 0.59453125 0.6317708328125 0.6015625 0.6276041671875 0.6125 0.6286458328125 0.615625 0.6208333328125 0.615625 0.5671875 0.612109375 0.5364583328125 0.605859375 0.5171875 0.60078125 0.5145833328125 0.599609375 0.5067708328125 0.593359375 0.5010416671875 0.5875 0.5010416671875 0.575390625 0.5020833328125 0.574609375 0.5046875 0.57421875 0.5458333328125 0.57890625 0.5770833328125 0.578515625 0.6104166671875
2 0.441796875 0.5666666671875 0.436328125 0.6036458328125 0.429296875 0.6348958328125 0.42890625 0.6453125 0.43359375 0.65 0.44453125 0.6536458328125 0.481640625 0.6572916671875 0.4890625 0.6520833328125 0.49375 0.6442708328125 0.5015625 0.609375 0.502734375 0.5807291671875 0.507421875 0.5557291671875 0.5078125 0.53125 0.505078125 0.5208333328125 0.5015625 0.5161458328124999 0.492578125 0.5119791671875 0.48046875 0.5114583328125 0.46953125 0.5171875 0.46328125 0.5234375 0.45625 0.5401041671875 0.44609375 0.5557291671875 0.441796875 0.5666666671875
2 0.52109375 0.5588541671875 0.530859375 0.5604166671875 0.533984375 0.5583333328125 0.53671875 0.5463541671875001 0.53515625 0.4796875 0.531640625 0.45520833281249995 0.529296875 0.4526041671875 0.52109375 0.45 0.5140625 0.4546875 0.512109375 0.46510416718750003 0.5140625 0.5208333328125 0.518359375 0.5557291671875 0.52109375 0.5588541671875
2 0.478125 0.5119791671875 0.48046875 0.5057291671875 0.47890625 0.4869791671875 0.4796875 0.45885416718750005 0.477734375 0.44947916718750003 0.466015625 0.44947916718750003 0.462109375 0.45104166718750005 0.4609375 0.5098958328125 0.4625 0.5197916671875 0.46875 0.5213541671875 0.478125 0.5119791671875
2 0.48125 0.496875 0.483984375 0.5057291671875 0.4953125 0.5078125 0.500390625 0.5026041671875 0.503515625 0.49583333281249997 0.503515625 0.45520833281249995 0.50078125 0.4505208328125 0.494921875 0.43072916718750004 0.4890625 0.42552083281249997 0.480859375 0.4244791671875 0.473828125 0.42552083281249997 0.472265625 0.43333333281249997 0.47578125 0.44114583281249997 0.48046875 0.46458333281249997 0.48125 0.496875
2 0.483203125 0.3692708328125 0.483203125 0.37552083281250004 0.481640625 0.3802083328125 0.487109375 0.3895833328125 0.487890625 0.4057291671875 0.490234375 0.4088541671875 0.490234375 0.41197916718750005 0.497265625 0.4135416671875 0.498828125 0.41197916718750005 0.501171875 0.40052083281249995 0.50078125 0.3942708328125 0.503515625 0.39114583281250004 0.5046875 0.3682291671875 0.502734375 0.35885416718749996 0.498046875 0.3578125 0.48984375 0.3515625 0.487890625 0.35208333281250004 0.48203125 0.3640625 0.483203125 0.3651041671875 0.48203125 0.3682291671875 0.483203125 0.3692708328125
2 0.517578125 0.43645833281249996 0.51953125 0.44114583281249997 0.52109375 0.44114583281249997 0.522265625 0.4166666671875 0.525390625 0.4010416671875 0.525 0.36875 0.51953125 0.3630208328125 0.51328125 0.3619791671875 0.5125 0.3572916671875 0.51015625 0.3567708328125 0.50625 0.3625 0.506640625 0.39895833281250004 0.508984375 0.4010416671875 0.5125 0.43385416718750003 0.517578125 0.43645833281249996
2 0.50234375 0.35104166718749996 0.505078125 0.3484375 0.507421875 0.3421875 0.50625 0.3307291671875 0.5015625 0.3255208328125 0.49375 0.3234375 0.4890625 0.32760416718749996 0.48515625 0.340625 0.485546875 0.34427083281250004 0.491015625 0.35208333281250004 0.50234375 0.35104166718749996
2 0.516015625 0.35104166718749996 0.516015625 0.3536458328125 0.519921875 0.3572916671875 0.519921875 0.3546875 0.521875 0.353125 0.52265625 0.3447916671875 0.52421875 0.3661458328125 0.526953125 0.3734375 0.52578125 0.3791666671875 0.528515625 0.384375 0.53046875 0.3817708328125 0.530078125 0.375 0.52734375 0.3723958328125 0.530859375 0.3713541671875 0.533203125 0.36666666718749996 0.53515625 0.3526041671875 0.535546875 0.3192708328125 0.534375 0.3166666671875 0.53125 0.3166666671875 0.530078125 0.3213541671875 0.525390625 0.3260416671875 0.523828125 0.3322916671875 0.519921875 0.3375 0.516015625 0.35104166718749996