2 0.35 0.9348958328125001 0.3484375 0.9458333328125 0.349609375 0.9713541671874999 0.353125 0.9875 0.366015625 0.9994791671875 0.378515625 0.9963541671874999 0.3953125 0.9859375 0.4015625 0.9244791671874999 0.400390625 0.896875 0.40625 0.8640625 0.405078125 0.8244791671874999 0.40078125 0.7953125 0.39765625 0.7880208328125 0.39140625 0.7822916671875 0.375390625 0.7786458328125 0.365625 0.7802083328125 0.358984375 0.7895833328124999 0.353125 0.8177083328125001 0.350390625 0.8536458328125001 0.35 0.9348958328125001
2 0.4625 1 0.466015625 0.9895833328125001 0.466796875 0.9796875 0.467578125 0.9473958328125001 0.465625 0.9109375 0.468359375 0.8822916671875 0.4671875 0.859375 0.46328125 0.8447916671875 0.4546875 0.8333333328125001 0.44453125 0.8255208328125001 0.429296875 0.821875 0.416015625 0.8328125 0.41171875 0.8489583328125001 0.406640625 0.9078125 0.409375 0.9869791671874999 0.413671875 1 0.4625 1
2 0.55703125 1 0.55859375 0.971875 0.556640625 0.9375 0.546875 0.8817708328125 0.544140625 0.8744791671875 0.5390625 0.8677083328125 0.5203125 0.8604166671875 0.511328125 0.8666666671875 0.50625 0.8729166671874999 0.50234375 0.8869791671874999 0.501171875 0.9083333328125001 0.501953125 0.9505208328125001 0.507421875 0.9864583328125001 0.51328125 0.99375 0.52421875 1 0.55703125 1
2 0.594140625 0.984375 0.6 0.9994791671875 0.646875 1 0.64375 0.9864583328125001 0.642578125 0.9625 0.63828125 0.9520833328125 0.634375 0.946875 0.626171875 0.9421875 0.612109375 0.940625 0.605078125 0.9432291671874999 0.5984375 0.953125 0.59453125 0.9625 0.593359375 0.971875 0.594140625 0.984375
2 0.55390625 0.8677083328125 0.555859375 0.8770833328125001 0.56484375 0.8807291671874999 0.569921875 0.8984375 0.5828125 0.9140625 0.588671875 0.9182291671874999 0.60078125 0.9364583328125 0.6046875 0.9380208328125 0.60625 0.9359375 0.6109375 0.9197916671874999 0.613671875 0.9380208328125 0.6265625 0.9421875 0.629296875 0.9322916671874999 0.63046875 0.8640625 0.630078125 0.846875 0.628125 0.8442708328125 0.62734375 0.8375 0.623828125 0.8390625 0.61875 0.8302083328125001 0.60234375 0.7895833328124999 0.58671875 0.7421875 0.580078125 0.7375 0.565625 0.7354166671875 0.556640625 0.7401041671875 0.553125 0.7447916671875 0.552734375 0.8229166671874999 0.554296875 0.8411458328125001 0.55390625 0.8677083328125
2 0.633984375 0.7677083328125 0.640625 0.8401041671874999 0.648828125 0.8875 0.658984375 0.9072916671875 0.667578125 0.9364583328125 0.674609375 0.9458333328125 0.68125 0.95 0.684765625 0.95 0.68984375 0.94375 0.69453125 0.93125 0.69453125 0.896875 0.697265625 0.8723958328125001 0.700390625 0.8604166671875 0.70625 0.8494791671874999 0.706640625 0.8458333328125001 0.703125 0.8354166671875 0.7 0.8114583328125 0.692578125 0.778125 0.68125 0.7421875 0.67890625 0.7192708328124999 0.67578125 0.7151041671875 0.66875 0.7114583328124999 0.655078125 0.7098958328125 0.645703125 0.7125 0.640234375 0.7166666671875 0.63671875 0.721875 0.634375 0.7333333328125 0.633984375 0.7677083328125
2 0.58671875 0.7427083328124999 0.5875 0.7494791671875001 0.594140625 0.7677083328125 0.599609375 0.7776041671875 0.610546875 0.7760416671875 0.61875 0.7713541671875 0.61796875 0.7208333328125 0.6203125 0.7083333328125 0.625 0.6963541671875 0.62421875 0.6479166671875001 0.61875 0.6317708328125 0.6125 0.6260416671875 0.6 0.6260416671875 0.5953125 0.6302083328125 0.59140625 0.6473958328125 0.58125 0.7276041671875 0.581640625 0.7364583328125 0.58671875 0.7427083328124999
2 0.58125 0.6338541671875 0.58984375 0.6338541671875 0.59375 0.6296875 0.61484375 0.625 0.613671875 0.621875 0.614453125 0.6182291671875 0.612890625 0.615625 0.612109375 0.5348958328125 0.606640625 0.5322916671875 0.605859375 0.5255208328125 0.60234375 0.5244791671875 0.60078125 0.5208333328125 0.5875 0.5182291671875 0.581640625 0.5208333328125 0.580859375 0.5255208328125 0.581640625 0.6109375 0.580078125 0.6307291671875 0.58125 0.6338541671875
2 0.49375 0.6171875 0.492578125 0.6302083328125 0.48984375 0.634375 0.483203125 0.659375 0.48125 0.6760416671875 0.479296875 0.7770833328125 0.480859375 0.7848958328125 0.483203125 0.7869791671875 0.505859375 0.7911458328125 0.51484375 0.7859375 0.515625 0.7635416671875 0.51953125 0.7567708328125 0.51953125 0.740625 0.525390625 0.7223958328125 0.5265625 0.7015625 0.53046875 0.703125 0.53203125 0.7145833328125 0.534375 0.709375 0.534765625 0.6932291671875 0.537890625 0.6760416671875 0.5375 0.5932291671875001 0.534765625 0.5859375 0.53359375 0.5703125 0.523828125 0.5651041671875 0.5109375 0.5682291671875 0.501171875 0.5854166671875001 0.496875 0.603125 0.49609375 0.6135416671875 0.49375 0.6171875
2 0.437109375 0.5723958328125 0.43203125 0.6072916671875 0.425 0.628125 0.423828125 0.6661458328125 0.426171875 0.6723958328124999 0.43828125 0.671875 0.448046875 0.66875 0.465234375 0.6682291671875 0.470703125 0.6697916671875 0.46875 0.6614583328125 0.469140625 0.6526041671875 0.4765625 0.6447916671875 0.478515625 0.6328125 0.483203125 0.61875 0.48671875 0.6197916671875 0.48984375 0.6333333328124999 0.491796875 0.6348958328125 0.493359375 0.6333333328124999 0.501953125 0.5864583328124999 0.505859375 0.5760416671875 0.512109375 0.5666666671875 0.512109375 0.5432291671875 0.50859375 0.5291666671875 0.50546875 0.5286458328125 0.49921875 0.515625 0.4921875 0.5119791671875 0.484765625 0.5114583328125 0.474609375 0.5182291671875 0.464453125 0.5322916671875 0.457421875 0.5473958328124999 0.44453125 0.5583333328125 0.437109375 0.5723958328125
2 0.512109375 0.5416666671875 0.50859375 0.56875 0.513671875 0.5729166671875 0.53359375 0.5760416671875 0.539453125 0.5703125 0.5453125 0.5458333328125 0.54296875 0.5322916671875 0.54296875 0.5192708328125 0.5453125 0.5057291671875 0.544921875 0.484375 0.5421875 0.4739583328125 0.535546875 0.4640625 0.53125 0.4614583328125 0.52109375 0.4604166671875 0.5125 0.4640625 0.509375 0.46770833281249996 0.508203125 0.47291666718750003 0.506640625 0.5078125 0.512109375 0.5416666671875
2 0.45703125 0.46770833281249996 0.456640625 0.5255208328125 0.458984375 0.5338541671875 0.46484375 0.5333333328125 0.476171875 0.51875 0.48125 0.5166666671875 0.483984375 0.5119791671875 0.48359375 0.4984375 0.47734375 0.45208333281249996 0.474609375 0.44739583281249995 0.470703125 0.44635416718750004 0.462890625 0.4479166671875 0.4625 0.45677083281249997 0.46015625 0.45885416718750005 0.459375 0.465625 0.45703125 0.46770833281249996
2 0.484765625 0.5067708328125 0.489453125 0.5135416671875 0.49453125 0.5166666671875 0.50234375 0.5161458328124999 0.506640625 0.5125 0.508203125 0.5083333328124999 0.50625 0.4953125 0.507421875 0.46770833281249996 0.501171875 0.44114583281249997 0.49609375 0.43333333281249997 0.490625 0.4322916671875 0.479296875 0.4380208328125 0.476171875 0.4427083328125 0.481640625 0.4661458328125 0.482421875 0.4953125 0.484765625 0.5067708328125
2 0.5125 0.41614583281249995 0.518359375 0.41770833281249997 0.52109375 0.4369791671875 0.521484375 0.4322916671875 0.525 0.4244791671875 0.525 0.3885416671875 0.521484375 0.3671875 0.514453125 0.3661458328125 0.509765625 0.3671875 0.508203125 0.371875 0.509375 0.4067708328125 0.512109375 0.41041666718750003 0.5125 0.41614583281249995
2 0.48984375 0.40208333281249997 0.490625 0.40729166718750004 0.493359375 0.409375 0.49453125 0.42552083281249997 0.496484375 0.43385416718750003 0.498828125 0.434375 0.500390625 0.428125 0.50078125 0.40625 0.503515625 0.39895833281250004 0.505859375 0.3984375 0.505859375 0.37552083281250004 0.50390625 0.3671875 0.4984375 0.359375 0.491015625 0.3583333328125 0.4875 0.3625 0.48671875 0.3953125 0.483984375 0.3958333328125 0.483203125 0.39791666718749996 0.48984375 0.40208333281249997
2 0.51640625 0.3640625 0.521875 0.3671875 0.522265625 0.3802083328125 0.525 0.3885416671875 0.5265625 0.4015625 0.53046875 0.4 0.531640625 0.3838541671875 0.534765625 0.3734375 0.5359375 0.3302083328125 0.534375 0.3255208328125 0.526171875 0.3244791671875 0.522265625 0.3260416671875 0.51875 0.3317708328125 0.516015625 0.34375 0.515625 0.35885416718749996 0.51640625 0.3640625
2 0.49375 0.35989583281250004 0.496875 0.35989583281250004 0.503515625 0.3557291671875 0.505859375 0.3515625 0.5078125 0.34322916718749996 0.5078125 0.33125 0.503125 0.3265625 0.494921875 0.3255208328125 0.489453125 0.33125 0.48671875 0.3401041671875 0.48671875 0.3458333328125 0.48984375 0.35625 0.49375 0.35989583281250004