2 0.35 0.8942708328125001 0.355078125 0.9604166671875 0.360546875 0.9869791671874999 0.36875 0.9942708328125001 0.378515625 0.9973958328125001 0.391796875 0.9973958328125001 0.400390625 0.9864583328125001 0.403515625 0.9692708328125 0.403125 0.9489583328125001 0.401171875 0.9359375 0.40390625 0.9255208328125001 0.40390625 0.896875 0.401171875 0.8671875 0.405859375 0.8151041671874999 0.405859375 0.7973958328124999 0.40390625 0.7760416671875 0.400390625 0.7588541671875 0.39296875 0.7505208328124999 0.382421875 0.7494791671875001 0.368359375 0.7567708328125 0.364453125 0.7614583328125 0.355078125 0.7984375 0.351171875 0.8265625 0.35 0.8942708328125001
2 0.458203125 0.9989583328125 0.465625 0.996875 0.470703125 0.9901041671874999 0.472265625 0.9770833328125 0.469921875 0.9078125 0.456640625 0.8354166671875 0.452734375 0.8223958328125001 0.447265625 0.8145833328125001 0.433203125 0.80625 0.42734375 0.8057291671875 0.416015625 0.8109375 0.4125 0.8213541671875 0.409375 0.9890625 0.4125 1 0.458203125 0.9989583328125
2 0.508203125 0.9973958328125001 0.529296875 0.9963541671874999 0.544921875 1 0.552734375 0.9859375 0.55546875 0.9479166671874999 0.551171875 0.8958333328125001 0.542578125 0.8458333328125001 0.539453125 0.8348958328125 0.534375 0.8265625 0.521875 0.8177083328125001 0.5078125 0.8145833328125001 0.500390625 0.8203125 0.493359375 0.8354166671875 0.500390625 0.9098958328125001 0.503125 0.9885416671874999 0.508203125 0.9973958328125001
2 0.646484375 1 0.637890625 0.9453125 0.629296875 0.9151041671875 0.625390625 0.90625 0.6140625 0.8927083328125001 0.609765625 0.8890625 0.60546875 0.8885416671874999 0.591015625 0.89375 0.586328125 0.8989583328125 0.581640625 0.9088541671874999 0.58125 0.9130208328125 0.58671875 0.9276041671874999 0.585546875 0.9796875 0.58828125 0.9942708328125001 0.590625 1 0.646484375 1
2 0.55625 0.9 0.565234375 0.9015625 0.569921875 0.9067708328125 0.574609375 0.9072916671875 0.580078125 0.8947916671874999 0.60859375 0.8942708328125001 0.615234375 0.890625 0.615625 0.8119791671875 0.6125 0.803125 0.60703125 0.796875 0.598828125 0.7770833328125 0.59453125 0.771875 0.58828125 0.7541666671875 0.58515625 0.7380208328125 0.576953125 0.7203125 0.565234375 0.7109375 0.555078125 0.7098958328125 0.54453125 0.7151041671875 0.5421875 0.7203125 0.543359375 0.8578125 0.5453125 0.871875 0.55625 0.9
2 0.640234375 0.8364583328125 0.64375 0.8635416671874999 0.648828125 0.8828125 0.65390625 0.890625 0.66796875 0.8984375 0.683984375 0.9 0.687890625 0.8942708328125001 0.690234375 0.8864583328125001 0.691015625 0.8354166671875 0.694140625 0.8229166671874999 0.688671875 0.7671875 0.680078125 0.7322916671875 0.667578125 0.6953125 0.659375 0.690625 0.644921875 0.6895833328125 0.633984375 0.6947916671875001 0.630859375 0.7067708328125 0.630859375 0.7229166671875 0.637109375 0.7859375 0.640234375 0.8364583328125
2 0.58515625 0.7125 0.581640625 0.7223958328125 0.58125 0.7348958328124999 0.583203125 0.7453125 0.59296875 0.7713541671875 0.60234375 0.78125 0.60625 0.7932291671875 0.609375 0.7973958328124999 0.614453125 0.7864583328125 0.617578125 0.7661458328124999 0.61796875 0.7583333328124999 0.615234375 0.7484375 0.616796875 0.721875 0.625390625 0.6864583328125 0.625390625 0.6729166671875 0.6203125 0.6348958328125 0.61171875 0.6265625 0.605078125 0.625 0.596875 0.6286458328125 0.594140625 0.6322916671875001 0.59140625 0.6416666671875 0.5875 0.696875 0.58515625 0.7125
2 0.48828125 0.6375 0.48671875 0.6458333328125 0.484765625 0.721875 0.487890625 0.7359375 0.4953125 0.74375 0.503125 0.7442708328125 0.50546875 0.74375 0.507421875 0.7401041671875 0.51640625 0.740625 0.523828125 0.7380208328125 0.530859375 0.728125 0.53671875 0.709375 0.538671875 0.6572916671875 0.543359375 0.6291666671875 0.543359375 0.609375 0.540625 0.5880208328125 0.53515625 0.565625 0.53359375 0.5630208328124999 0.527734375 0.5640625 0.521875 0.5619791671875001 0.51328125 0.5651041671875 0.50546875 0.5739583328125 0.501953125 0.5854166671875001 0.495703125 0.6203125 0.48828125 0.6375
2 0.585546875 0.5833333328125 0.58515625 0.6109375 0.586328125 0.61875 0.59375 0.6380208328125 0.597265625 0.6401041671875001 0.609765625 0.6338541671875 0.61484375 0.6229166671875 0.614453125 0.5671875 0.612109375 0.5442708328125 0.60859375 0.5255208328125 0.60078125 0.5109375 0.594140625 0.5057291671875 0.5828125 0.5057291671875 0.578125 0.5104166671875 0.575390625 0.5171875 0.5765625 0.5380208328125 0.580078125 0.5619791671875001 0.585546875 0.5833333328125
2 0.444140625 0.5619791671875001 0.441015625 0.5614583328125 0.439453125 0.5651041671875 0.4375 0.5755208328125 0.437109375 0.6083333328125 0.4328125 0.6135416671875 0.434375 0.6276041671875 0.433984375 0.6494791671875 0.43828125 0.6536458328125 0.461328125 0.6536458328125 0.467578125 0.6484375 0.4703125 0.6364583328125 0.480859375 0.63125 0.484765625 0.6208333328125 0.487890625 0.5838541671875 0.4921875 0.5755208328125 0.49375 0.5765625 0.49609375 0.6072916671875 0.499609375 0.6083333328125 0.502734375 0.603125 0.508203125 0.5515625 0.51015625 0.5489583328125 0.50859375 0.5265625 0.505078125 0.5166666671875 0.4921875 0.5114583328125 0.485546875 0.5114583328125 0.474609375 0.515625 0.462890625 0.5322916671875 0.455859375 0.5489583328125 0.44765625 0.55625 0.444140625 0.5619791671875001
2 0.516796875 0.5567708328125 0.520703125 0.5619791671875001 0.5296875 0.5645833328125 0.53359375 0.5625 0.535546875 0.5588541671875 0.537109375 0.5473958328124999 0.535546875 0.475 0.532421875 0.46302083281249995 0.520703125 0.4546875 0.515625 0.4583333328125 0.5125 0.4671875 0.512890625 0.5 0.516796875 0.5390625 0.516796875 0.5567708328125
2 0.46015625 0.4953125 0.457421875 0.4984375 0.45703125 0.5125 0.4578125 0.5203125 0.460546875 0.525 0.46171875 0.521875 0.466796875 0.5223958328125 0.46796875 0.5244791671875 0.478125 0.5125 0.479296875 0.5078125 0.478125 0.4505208328125 0.475 0.44739583281249995 0.47109375 0.446875 0.462890625 0.45104166718750005 0.46328125 0.4661458328125 0.4578125 0.4671875 0.456640625 0.49010416718750005 0.46015625 0.4953125
2 0.481640625 0.48229166718750005 0.484375 0.4838541671875 0.484765625 0.4895833328125 0.48359375 0.490625 0.48515625 0.49114583281249996 0.486328125 0.48802083281249997 0.487890625 0.5083333328124999 0.496484375 0.509375 0.499609375 0.5078125 0.500390625 0.5052083328125 0.50234375 0.47552083281249996 0.49921875 0.446875 0.494921875 0.434375 0.489453125 0.4296875 0.48203125 0.428125 0.476953125 0.4296875 0.475 0.4359375 0.47578125 0.44427083281249996 0.477734375 0.4453125 0.481640625 0.48229166718750005
2 0.490625 0.415625 0.49296875 0.41770833281249997 0.49375 0.428125 0.498046875 0.4291666671875 0.499609375 0.42864583281249996 0.5 0.4109375 0.503515625 0.3942708328125 0.502734375 0.3734375 0.5 0.359375 0.491796875 0.3578125 0.487890625 0.3630208328125 0.487109375 0.3671875 0.487109375 0.396875 0.48984375 0.4057291671875 0.490625 0.415625
2 0.509375 0.4057291671875 0.509375 0.4114583328125 0.512109375 0.4135416671875 0.5125 0.44114583281249997 0.521875 0.44322916718750005 0.521875 0.4291666671875 0.523828125 0.4244791671875 0.525 0.41041666718750003 0.524609375 0.384375 0.523046875 0.38229166718749996 0.521484375 0.3661458328125 0.517578125 0.3625 0.51171875 0.3619791671875 0.5078125 0.3630208328125 0.50625 0.36770833281250004 0.50625 0.4 0.507421875 0.4046875 0.509375 0.4057291671875
2 0.519140625 0.3614583328125 0.521875 0.3635416671875 0.523828125 0.3697916671875 0.528125 0.36666666718749996 0.528125 0.3635416671875 0.53046875 0.3635416671875 0.53125 0.3739583328125 0.53359375 0.375 0.53671875 0.3729166671875 0.536328125 0.3265625 0.534765625 0.3223958328125 0.529296875 0.3223958328125 0.52421875 0.325 0.51953125 0.3348958328125 0.518359375 0.3494791671875 0.521875 0.3541666671875 0.519140625 0.3614583328125
2 0.494921875 0.3614583328125 0.50234375 0.3536458328125 0.505078125 0.3385416671875 0.504296875 0.33125 0.50234375 0.32760416718749996 0.496875 0.3239583328125 0.493359375 0.3239583328125 0.487890625 0.3307291671875 0.48515625 0.34427083281250004 0.487890625 0.35625 0.49140625 0.3609375 0.494921875 0.3614583328125