3 0.736328125 0.6888020828125 0.728515625 0.6705729171875 0.73046875 0.6497395828125 0.7470703125 0.6328125 0.7568359375 0.6354166671875 0.7607421875 0.6302083328125 0.7666015625 0.6432291671875 0.7744140625 0.6432291671875 0.7841796875 0.6328125 0.7978515625 0.6484375 0.8046875 0.62890625 0.8046875 0.5950520828125 0.80078125 0.5846354171875 0.7822265625 0.5703125 0.7470703125 0.5755208328125 0.7255859375 0.5572916671875 0.7138671875 0.5572916671875 0.6572265625 0.5182291671875 0.6298828125 0.5208333328125 0.6083984375 0.53125 0.59765625 0.5533854171875 0.6015625 0.5690104171875 0.615234375 0.58984375 0.6015625 0.6028645828125 0.599609375 0.6184895828125 0.609375 0.6549479171875 0.6142578125 0.6588541671875 0.6171875 0.6549479171875 0.619140625 0.62109375 0.6396484375 0.6067708328125 0.6455078125 0.6067708328125 0.6650390625 0.6223958328125 0.6865234375 0.6276041671875 0.69140625 0.6315104171875 0.69140625 0.64453125 0.68359375 0.69140625 0.6953125 0.69921875 0.693359375 0.67578125 0.7080078125 0.6484375 0.71875 0.65234375 0.720703125 0.6783854171875 0.7275390625 0.6953125 0.736328125 0.6888020828125
3 0.6435546875 0.3958333328125 0.6240234375 0.3932291671875 0.6142578125 0.3984375 0.60546875 0.4127604171875 0.607421875 0.44921875 0.611328125 0.4596354171875 0.6357421875 0.4661458328125 0.650390625 0.4908854171875 0.65625 0.5143229171875 0.666015625 0.5169270828125 0.6787109375 0.4869791671875 0.689453125 0.5065104171875 0.6875 0.4700520828125 0.6767578125 0.453125 0.666015625 0.44921875 0.6435546875 0.3958333328125
3 0.6533203125 0.5182291671875 0.65625 0.5091145828125 0.6484375 0.48828125 0.6337890625 0.4661458328125 0.6123046875 0.46875 0.59375 0.41796875 0.5732421875 0.4036458328125 0.556640625 0.4127604171875 0.5693359375 0.4140625 0.576171875 0.4231770828125 0.572265625 0.4388020828125 0.572265625 0.4674479171875 0.568359375 0.47265625 0.5703125 0.48828125 0.56640625 0.49609375 0.56640625 0.51171875 0.57421875 0.5247395828125 0.57421875 0.58203125 0.5703125 0.5950520828125 0.576171875 0.6002604171875 0.5869140625 0.5416666671875 0.5986328125 0.546875 0.6220703125 0.515625 0.6298828125 0.5208333328125 0.6376953125 0.515625 0.6533203125 0.5182291671875
3 0.5205078125 0.3619791671875 0.51171875 0.37890625 0.509765625 0.3919270828125 0.529296875 0.4127604171875 0.53125 0.4231770828125 0.5517578125 0.4609375 0.5703125 0.4674479171875 0.572265625 0.4205729171875 0.5546875 0.41015625 0.5546875 0.3997395828125 0.5419921875 0.3645833328125 0.5341796875 0.359375 0.5205078125 0.3619791671875
3 0.5654296875 0.46875 0.548828125 0.4596354171875 0.5224609375 0.4010416671875 0.5029296875 0.3958333328125 0.4892578125 0.40625 0.486328125 0.41796875 0.5078125 0.48046875 0.5126953125 0.4869791671875 0.5263671875 0.4869791671875 0.53515625 0.4986979171875 0.541015625 0.5299479171875 0.5361328125 0.5338541671875 0.5244140625 0.53125 0.5234375 0.53515625 0.533203125 0.5455729171875 0.533203125 0.5690104171875 0.5390625 0.57421875 0.5390625 0.54296875 0.5478515625 0.5286458328125 0.5556640625 0.53125 0.5625 0.5221354171875 0.568359375 0.4752604171875 0.5654296875 0.46875
3 0.5263671875 0.4869791671875 0.5078125 0.4830729171875 0.4833984375 0.4140625 0.4736328125 0.4140625 0.4697265625 0.4088541671875 0.4580078125 0.4140625 0.451171875 0.4283854171875 0.4609375 0.4388020828125 0.474609375 0.47265625 0.478515625 0.4934895828125 0.490234375 0.5065104171875 0.498046875 0.5299479171875 0.5068359375 0.5286458328125 0.509765625 0.53515625 0.513671875 0.5533854171875 0.5078125 0.5846354171875 0.51171875 0.58984375 0.521484375 0.5299479171875 0.5244140625 0.5260416671875 0.5322265625 0.53125 0.541015625 0.5299479171875 0.533203125 0.49609375 0.5263671875 0.4869791671875
3 0.474609375 0.47265625 0.4609375 0.4388020828125 0.4501953125 0.4270833328125 0.4248046875 0.4270833328125 0.416015625 0.4388020828125 0.416015625 0.47265625 0.447265625 0.54296875 0.4609375 0.5559895828125 0.4638671875 0.5677083328125 0.46875 0.56640625 0.4736328125 0.5494791671875 0.4970703125 0.5572916671875 0.50390625 0.54296875 0.490234375 0.5065104171875 0.4765625 0.4934895828125 0.474609375 0.47265625
3 0.486328125 0.5950520828125 0.4931640625 0.5963541671875 0.5 0.58984375 0.49609375 0.5638020828125 0.4892578125 0.5546875 0.4775390625 0.5520833328125 0.4697265625 0.5677083328125 0.4619140625 0.5677083328125 0.458984375 0.5533854171875 0.447265625 0.54296875 0.419921875 0.48046875 0.4091796875 0.46875 0.3876953125 0.4661458328125 0.3818359375 0.46875 0.373046875 0.4856770828125 0.373046875 0.5091145828125 0.380859375 0.5325520828125 0.380859375 0.5481770828125 0.39453125 0.57421875 0.39453125 0.62109375 0.38671875 0.6315104171875 0.3896484375 0.6354166671875 0.4013671875 0.6328125 0.40625 0.6263020828125 0.40625 0.6080729171875 0.4111328125 0.6015625 0.4189453125 0.6015625 0.41796875 0.6236979171875 0.423828125 0.6341145828125 0.423828125 0.61328125 0.4521484375 0.59375 0.4677734375 0.59375 0.484375 0.6315104171875 0.4892578125 0.6328125 0.486328125 0.5950520828125
3 0.361328125 0.5872395828125 0.369140625 0.4440104171875 0.3544921875 0.4244791671875 0.3427734375 0.4244791671875 0.328125 0.4361979171875 0.330078125 0.4778645828125 0.318359375 0.4856770828125 0.330078125 0.5013020828125 0.337890625 0.5377604171875 0.333984375 0.55859375 0.322265625 0.56640625 0.32421875 0.6028645828125 0.330078125 0.60546875 0.3359375 0.5638020828125 0.3466796875 0.5546875 0.349609375 0.5559895828125 0.349609375 0.58984375 0.3564453125 0.5963541671875 0.361328125 0.5872395828125
3 0.3154296875 0.375 0.302734375 0.3841145828125 0.30078125 0.4049479171875 0.291015625 0.42578125 0.291015625 0.4361979171875 0.294921875 0.4622395828125 0.3046875 0.48046875 0.3203125 0.4856770828125 0.330078125 0.4778645828125 0.328125 0.4361979171875 0.341796875 0.4231770828125 0.34375 0.3971354171875 0.3330078125 0.3802083328125 0.3154296875 0.375
3 0.24609375 0.5013020828125 0.2421875 0.4934895828125 0.23828125 0.44140625 0.244140625 0.4205729171875 0.259765625 0.4049479171875 0.2548828125 0.3958333328125 0.2392578125 0.3880208328125 0.2255859375 0.3932291671875 0.21875 0.40234375 0.21484375 0.42578125 0.205078125 0.4440104171875 0.203125 0.5065104171875 0.19921875 0.5247395828125 0.2021484375 0.5260416671875 0.208984375 0.51171875 0.2138671875 0.5104166671875 0.228515625 0.5325520828125 0.220703125 0.5846354171875 0.2255859375 0.59375 0.228515625 0.5924479171875 0.232421875 0.55859375 0.2373046875 0.5494791671875 0.244140625 0.55078125 0.240234375 0.52734375 0.24609375 0.5143229171875 0.24609375 0.5013020828125
3 0.2705078125 0.3177083328125 0.265625 0.3424479171875 0.2548828125 0.3489583328125 0.234375 0.37890625 0.2431640625 0.3828125 0.2509765625 0.3723958328125 0.259765625 0.4049479171875 0.27734375 0.41015625 0.27734375 0.37890625 0.2841796875 0.3671875 0.294921875 0.3606770828125 0.298828125 0.34765625 0.2939453125 0.3151041671875 0.2705078125 0.3177083328125
3 0.3056640625 0.3359375 0.294921875 0.36328125 0.2880859375 0.3645833328125 0.27734375 0.37890625 0.28125 0.3919270828125 0.279296875 0.4075520828125 0.2900390625 0.4244791671875 0.29296875 0.4231770828125 0.3056640625 0.3802083328125 0.3193359375 0.375 0.3359375 0.37890625 0.33203125 0.3450520828125 0.3212890625 0.3333333328125 0.3056640625 0.3359375
3 0.3017578125 0.296875 0.296875 0.3059895828125 0.298828125 0.3216145828125 0.294921875 0.3372395828125 0.3017578125 0.3411458328125 0.3095703125 0.3333333328125 0.3212890625 0.3333333328125 0.33203125 0.3424479171875 0.34375 0.3059895828125 0.33984375 0.2877604171875 0.3310546875 0.2786458328125 0.3154296875 0.2786458328125 0.30859375 0.2955729171875 0.3017578125 0.296875
3 0.3359375 0.32421875 0.333984375 0.3502604171875 0.337890625 0.3763020828125 0.345703125 0.3763020828125 0.3564453125 0.3697916671875 0.375 0.3684895828125 0.37890625 0.3268229171875 0.3642578125 0.3020833328125 0.3447265625 0.3046875 0.3359375 0.32421875
3 0.3994140625 0.3307291671875 0.3876953125 0.3307291671875 0.376953125 0.3450520828125 0.375 0.3684895828125 0.3916015625 0.3984375 0.41015625 0.4049479171875 0.408203125 0.38671875 0.412109375 0.3736979171875 0.423828125 0.3684895828125 0.3984375 0.34765625 0.40234375 0.3372395828125 0.3994140625 0.3307291671875
3 0.421875 0.3684895828125 0.412109375 0.3736979171875 0.408203125 0.3919270828125 0.4189453125 0.4270833328125 0.44140625 0.42578125 0.44921875 0.41796875 0.4453125 0.3580729171875 0.4365234375 0.3359375 0.4228515625 0.3333333328125 0.41015625 0.3502604171875 0.421875 0.3684895828125
3 0.3603515625 0.3697916671875 0.3466796875 0.375 0.337890625 0.3841145828125 0.34375 0.3971354171875 0.34375 0.4205729171875 0.3583984375 0.4270833328125 0.3671875 0.4388020828125 0.37109375 0.4752604171875 0.376953125 0.4752604171875 0.3857421875 0.4661458328125 0.4140625 0.4674479171875 0.4140625 0.4153645828125 0.3955078125 0.4036458328125 0.3740234375 0.3723958328125 0.3603515625 0.3697916671875
3 0.482421875 0.3606770828125 0.478515625 0.33203125 0.4658203125 0.3177083328125 0.4482421875 0.3229166671875 0.44140625 0.3346354171875 0.447265625 0.3763020828125 0.455078125 0.38671875 0.44921875 0.3971354171875 0.44921875 0.4153645828125 0.455078125 0.41796875 0.4677734375 0.4088541671875 0.4814453125 0.4140625 0.48828125 0.40234375 0.486328125 0.3893229171875 0.490234375 0.3763020828125 0.482421875 0.3606770828125
3 0.4853515625 0.3072916671875 0.47265625 0.3216145828125 0.478515625 0.3294270828125 0.482421875 0.34765625 0.478515625 0.35546875 0.490234375 0.3736979171875 0.48828125 0.3997395828125 0.494140625 0.3997395828125 0.509765625 0.3893229171875 0.513671875 0.37109375 0.5234375 0.35546875 0.5078125 0.3372395828125 0.4990234375 0.3125 0.4853515625 0.3072916671875
3 0.5556640625 0.2942708328125 0.5498046875 0.2890625 0.5380859375 0.2890625 0.52734375 0.2981770828125 0.529296875 0.3528645828125 0.544921875 0.3684895828125 0.5517578125 0.3880208328125 0.55859375 0.3893229171875 0.578125 0.3736979171875 0.578125 0.3580729171875 0.583984375 0.33984375 0.5771484375 0.3307291671875 0.568359375 0.3294270828125 0.5556640625 0.2942708328125
3 0.6376953125 0.3359375 0.6279296875 0.3359375 0.6162109375 0.3489583328125 0.5927734375 0.3177083328125 0.57421875 0.3268229171875 0.583984375 0.33984375 0.578125 0.3580729171875 0.578125 0.37890625 0.59375 0.4153645828125 0.6005859375 0.4010416671875 0.6083984375 0.40625 0.6220703125 0.3958333328125 0.6318359375 0.3723958328125 0.646484375 0.3684895828125 0.6376953125 0.3359375
3 0.5830078125 0.2734375 0.5654296875 0.2734375 0.548828125 0.2877604171875 0.556640625 0.2955729171875 0.5693359375 0.328125 0.5927734375 0.3177083328125 0.6142578125 0.3463541671875 0.619140625 0.3450520828125 0.6279296875 0.3359375 0.638671875 0.3346354171875 0.640625 0.30859375 0.6376953125 0.3046875 0.6123046875 0.3046875 0.5830078125 0.2734375
3 0.5966796875 0.2604166671875 0.5849609375 0.2604166671875 0.576171875 0.26953125 0.5966796875 0.2838541671875 0.6103515625 0.3020833328125 0.6171875 0.3033854171875 0.6328125 0.2981770828125 0.634765625 0.28515625 0.6298828125 0.2734375 0.6201171875 0.2708333328125 0.6083984375 0.28125 0.5966796875 0.2604166671875
3 0.486328125 0.2981770828125 0.498046875 0.3059895828125 0.509765625 0.33984375 0.5205078125 0.3515625 0.525390625 0.3502604171875 0.529296875 0.3216145828125 0.525390625 0.2903645828125 0.5146484375 0.2734375 0.5048828125 0.2734375 0.4892578125 0.2864583328125 0.486328125 0.2981770828125
3 0.4833984375 0.2552083328125 0.4736328125 0.2578125 0.46484375 0.2747395828125 0.466796875 0.3033854171875 0.4736328125 0.3151041671875 0.48046875 0.3138020828125 0.494140625 0.30859375 0.486328125 0.2981770828125 0.486328125 0.2903645828125 0.49609375 0.2799479171875 0.494140625 0.2643229171875 0.4833984375 0.2552083328125
3 0.443359375 0.2669270828125 0.4453125 0.25390625 0.4404296875 0.24479166718749998 0.4287109375 0.23958333281250002 0.4208984375 0.2421875 0.4013671875 0.265625 0.3916015625 0.265625 0.3837890625 0.2578125 0.37109375 0.26171875 0.369140625 0.29296875 0.3798828125 0.2890625 0.388671875 0.3138020828125 0.3984375 0.3138020828125 0.404296875 0.3059895828125 0.40625 0.2877604171875 0.4111328125 0.28125 0.4189453125 0.2760416671875 0.4306640625 0.2786458328125 0.443359375 0.2669270828125
3 0.435546875 0.2877604171875 0.4287109375 0.2786458328125 0.4189453125 0.2760416671875 0.4111328125 0.28125 0.40625 0.2877604171875 0.40625 0.3033854171875 0.392578125 0.3190104171875 0.400390625 0.32421875 0.400390625 0.34765625 0.40625 0.34765625 0.4072265625 0.3411458328125 0.4130859375 0.34375 0.4228515625 0.3307291671875 0.435546875 0.3346354171875 0.427734375 0.31640625 0.435546875 0.2877604171875
3 0.4443359375 0.265625 0.43359375 0.27734375 0.435546875 0.2903645828125 0.427734375 0.31640625 0.4306640625 0.3203125 0.4404296875 0.3177083328125 0.443359375 0.3268229171875 0.4501953125 0.3203125 0.470703125 0.31640625 0.462890625 0.2981770828125 0.46484375 0.2825520828125 0.4580078125 0.265625 0.4443359375 0.265625