3 0.552734375 0.7044270828125 0.552734375 0.72265625 0.5615234375 0.7265625 0.56640625 0.7174479171875 0.568359375 0.67578125 0.578125 0.66015625 0.578125 0.6419270828125 0.56640625 0.6028645828125 0.53515625 0.5481770828125 0.533203125 0.52734375 0.5390625 0.5169270828125 0.53125 0.4986979171875 0.5263671875 0.4921875 0.5126953125 0.4895833328125 0.505859375 0.4986979171875 0.505859375 0.54296875 0.513671875 0.5481770828125 0.5078125 0.5690104171875 0.5078125 0.59765625 0.513671875 0.6315104171875 0.52734375 0.6471354171875 0.533203125 0.69921875 0.533203125 0.7408854171875 0.53515625 0.75390625 0.541015625 0.7565104171875 0.544921875 0.7513020828125 0.544921875 0.69140625 0.5498046875 0.6848958328125 0.5546875 0.6861979171875 0.556640625 0.6966145828125 0.552734375 0.7044270828125
3 0.494140625 0.5846354171875 0.4697265625 0.5494791671875 0.455078125 0.5403645828125 0.455078125 0.5221354171875 0.4404296875 0.5104166671875 0.43359375 0.51953125 0.431640625 0.5325520828125 0.439453125 0.5403645828125 0.443359375 0.5533854171875 0.4453125 0.6028645828125 0.44921875 0.6158854171875 0.4609375 0.6315104171875 0.46875 0.6731770828125 0.474609375 0.6783854171875 0.4853515625 0.6614583328125 0.4912109375 0.6588541671875 0.4970703125 0.6640625 0.505859375 0.6497395828125 0.505859375 0.6236979171875 0.494140625 0.5846354171875
3 0.427734375 0.5221354171875 0.4228515625 0.515625 0.4130859375 0.515625 0.41015625 0.51953125 0.412109375 0.5455729171875 0.39453125 0.6002604171875 0.392578125 0.6341145828125 0.4052734375 0.6796875 0.4189453125 0.65625 0.423828125 0.66015625 0.41796875 0.7044270828125 0.421875 0.72265625 0.4296875 0.7252604171875 0.4296875 0.6705729171875 0.435546875 0.6575520828125 0.4375 0.62109375 0.4453125 0.6002604171875 0.443359375 0.5559895828125 0.427734375 0.5221354171875
3 0.41015625 0.5065104171875 0.419921875 0.4830729171875 0.4091796875 0.4583333328125 0.39453125 0.4622395828125 0.380859375 0.50390625 0.3828125 0.51171875 0.365234375 0.54296875 0.353515625 0.5794270828125 0.349609375 0.6809895828125 0.353515625 0.6940104171875 0.357421875 0.6940104171875 0.36328125 0.68359375 0.36328125 0.6471354171875 0.388671875 0.62890625 0.40234375 0.56640625 0.41015625 0.5481770828125 0.41015625 0.5065104171875
3 0.3359375 0.6497395828125 0.337890625 0.5872395828125 0.3515625 0.56640625 0.357421875 0.5325520828125 0.353515625 0.4700520828125 0.36328125 0.4596354171875 0.36328125 0.4518229171875 0.3466796875 0.4270833328125 0.3369140625 0.4270833328125 0.328125 0.4440104171875 0.32421875 0.45703125 0.33203125 0.4596354171875 0.330078125 0.4778645828125 0.298828125 0.52734375 0.287109375 0.5638020828125 0.28515625 0.58984375 0.29296875 0.6341145828125 0.294921875 0.6861979171875 0.2978515625 0.6927083328125 0.3046875 0.69140625 0.30078125 0.6575520828125 0.3056640625 0.6302083328125 0.3212890625 0.6276041671875 0.33203125 0.66796875 0.34375 0.6705729171875 0.3359375 0.6497395828125
3 0.5615234375 0.4817708328125 0.5517578125 0.4817708328125 0.5390625 0.4934895828125 0.548828125 0.5091145828125 0.546875 0.5247395828125 0.55078125 0.5481770828125 0.546875 0.5690104171875 0.56640625 0.6028645828125 0.578125 0.6393229171875 0.578125 0.6627604171875 0.572265625 0.68359375 0.572265625 0.7044270828125 0.578125 0.7044270828125 0.587890625 0.6497395828125 0.58984375 0.58203125 0.580078125 0.5481770828125 0.5703125 0.5325520828125 0.568359375 0.4908854171875 0.5615234375 0.4817708328125
3 0.5625 0.4388020828125 0.5537109375 0.4192708328125 0.5380859375 0.4114583328125 0.53125 0.41796875 0.533203125 0.44921875 0.5390625 0.45703125 0.5458984375 0.4817708328125 0.5615234375 0.4817708328125 0.56640625 0.48828125 0.5703125 0.53515625 0.583984375 0.5533854171875 0.587890625 0.5247395828125 0.578125 0.4934895828125 0.568359375 0.4830729171875 0.560546875 0.46484375 0.564453125 0.4596354171875 0.5625 0.4388020828125
3 0.5234375 0.4075520828125 0.5068359375 0.3958333328125 0.4921875 0.4127604171875 0.509765625 0.4466145828125 0.505859375 0.4934895828125 0.5146484375 0.4895833328125 0.5263671875 0.4921875 0.53125 0.4986979171875 0.5390625 0.5169270828125 0.533203125 0.5299479171875 0.533203125 0.5403645828125 0.53515625 0.5481770828125 0.541015625 0.55078125 0.544921875 0.5377604171875 0.544921875 0.5065104171875 0.537109375 0.4908854171875 0.544921875 0.48046875 0.53125 0.4466145828125 0.5234375 0.4075520828125
3 0.5 0.4440104171875 0.50390625 0.4388020828125 0.4951171875 0.4244791671875 0.4873046875 0.421875 0.4765625 0.4309895828125 0.474609375 0.44140625 0.474609375 0.4518229171875 0.482421875 0.4544270828125 0.486328125 0.4752604171875 0.47265625 0.5013020828125 0.470703125 0.55078125 0.4912109375 0.5807291671875 0.49609375 0.58203125 0.5048828125 0.5807291671875 0.509765625 0.5638020828125 0.50390625 0.5091145828125 0.505859375 0.48046875 0.5 0.45703125 0.5 0.4440104171875
3 0.474609375 0.4309895828125 0.48046875 0.41796875 0.47265625 0.3971354171875 0.4619140625 0.3932291671875 0.455078125 0.40234375 0.44921875 0.4231770828125 0.4501953125 0.4296875 0.45703125 0.4283854171875 0.458984375 0.44140625 0.44140625 0.5065104171875 0.455078125 0.51953125 0.4609375 0.54296875 0.46875 0.54296875 0.470703125 0.5091145828125 0.484375 0.4752604171875 0.484375 0.46484375 0.482421875 0.45703125 0.47265625 0.44921875 0.474609375 0.4309895828125
3 0.4541015625 0.3828125 0.4462890625 0.3828125 0.439453125 0.3919270828125 0.439453125 0.4153645828125 0.412109375 0.46484375 0.42578125 0.4908854171875 0.4248046875 0.4973958328125 0.416015625 0.4934895828125 0.412109375 0.51171875 0.431640625 0.51953125 0.443359375 0.4986979171875 0.455078125 0.4544270828125 0.455078125 0.4388020828125 0.44921875 0.4283854171875 0.458984375 0.3893229171875 0.4541015625 0.3828125
3 0.3984375 0.4153645828125 0.396484375 0.4049479171875 0.3876953125 0.390625 0.375 0.3971354171875 0.373046875 0.41015625 0.376953125 0.4153645828125 0.373046875 0.41796875 0.37890625 0.4231770828125 0.37890625 0.4388020828125 0.361328125 0.48828125 0.36328125 0.5247395828125 0.3671875 0.53515625 0.37109375 0.53515625 0.380859375 0.5143229171875 0.380859375 0.5013020828125 0.39453125 0.4622395828125 0.40234375 0.45703125 0.39453125 0.43359375 0.3984375 0.4153645828125
3 0.3681640625 0.3645833328125 0.3583984375 0.3671875 0.353515625 0.37890625 0.35546875 0.4049479171875 0.345703125 0.42578125 0.365234375 0.45703125 0.37109375 0.4596354171875 0.37890625 0.4309895828125 0.3701171875 0.4270833328125 0.369140625 0.4205729171875 0.37890625 0.38671875 0.376953125 0.37109375 0.3681640625 0.3645833328125
3 0.3408203125 0.3723958328125 0.3310546875 0.3723958328125 0.326171875 0.37890625 0.326171875 0.40234375 0.3134765625 0.4166666671875 0.2978515625 0.4244791671875 0.2890625 0.4361979171875 0.279296875 0.46484375 0.283203125 0.48828125 0.291015625 0.4908854171875 0.29296875 0.50390625 0.2998046875 0.5078125 0.3056640625 0.4947916671875 0.310546875 0.5091145828125 0.314453125 0.50390625 0.318359375 0.4596354171875 0.337890625 0.42578125 0.33984375 0.3971354171875 0.345703125 0.3893229171875 0.3408203125 0.3723958328125
3 0.5517578125 0.3697916671875 0.5439453125 0.3697916671875 0.537109375 0.3763020828125 0.53125 0.3971354171875 0.5498046875 0.4140625 0.560546875 0.4309895828125 0.568359375 0.45703125 0.568359375 0.48046875 0.580078125 0.49609375 0.5888671875 0.5260416671875 0.59765625 0.5169270828125 0.595703125 0.55078125 0.6015625 0.5533854171875 0.609375 0.48828125 0.607421875 0.4466145828125 0.6005859375 0.4322916671875 0.56640625 0.3997395828125 0.5615234375 0.3802083328125 0.5517578125 0.3697916671875
3 0.6474609375 0.5130208328125 0.650390625 0.5065104171875 0.6484375 0.4674479171875 0.65625 0.4518229171875 0.654296875 0.44140625 0.6376953125 0.4114583328125 0.5966796875 0.390625 0.591796875 0.3684895828125 0.5771484375 0.359375 0.568359375 0.3684895828125 0.568359375 0.3763020828125 0.5712890625 0.3828125 0.5810546875 0.3854166671875 0.59375 0.3971354171875 0.609375 0.45703125 0.619140625 0.4700520828125 0.619140625 0.5247395828125 0.625 0.5247395828125 0.630859375 0.5143229171875 0.62890625 0.4856770828125 0.6337890625 0.4713541671875 0.640625 0.4830729171875 0.640625 0.5143229171875 0.6474609375 0.5130208328125
3 0.3935546875 0.3229166671875 0.388671875 0.3268229171875 0.38671875 0.35546875 0.376953125 0.3736979171875 0.376953125 0.3841145828125 0.3818359375 0.3932291671875 0.3896484375 0.3932291671875 0.39453125 0.3997395828125 0.39453125 0.4309895828125 0.400390625 0.43359375 0.41015625 0.4153645828125 0.41015625 0.3893229171875 0.400390625 0.3658854171875 0.40625 0.33203125 0.4033203125 0.3255208328125 0.3935546875 0.3229166671875
3 0.3876953125 0.3255208328125 0.3662109375 0.3307291671875 0.349609375 0.34765625 0.34375 0.37890625 0.3505859375 0.390625 0.353515625 0.3893229171875 0.35546875 0.3736979171875 0.3603515625 0.3671875 0.3779296875 0.3697916671875 0.384765625 0.3606770828125 0.388671875 0.3502604171875 0.3876953125 0.3255208328125
3 0.4111328125 0.3359375 0.404296875 0.35546875 0.41015625 0.3606770828125 0.412109375 0.4153645828125 0.41796875 0.4440104171875 0.421875 0.4440104171875 0.4375 0.4205729171875 0.439453125 0.3919270828125 0.42578125 0.3736979171875 0.427734375 0.3528645828125 0.423828125 0.33984375 0.4111328125 0.3359375
3 0.46875 0.39453125 0.48046875 0.4205729171875 0.48828125 0.4205729171875 0.4921875 0.3997395828125 0.48828125 0.3763020828125 0.4833984375 0.3671875 0.4716796875 0.3671875 0.466796875 0.3763020828125 0.46875 0.39453125
3 0.5322265625 0.3307291671875 0.5224609375 0.3307291671875 0.505859375 0.35546875 0.5126953125 0.3619791671875 0.525390625 0.3606770828125 0.5439453125 0.3359375 0.5517578125 0.3359375 0.5615234375 0.34375 0.564453125 0.33203125 0.5537109375 0.3177083328125 0.5322265625 0.3307291671875
3 0.619140625 0.3841145828125 0.6103515625 0.3723958328125 0.591796875 0.37109375 0.5966796875 0.390625 0.625 0.4049479171875 0.619140625 0.3841145828125
3 0.548828125 0.3658854171875 0.5625 0.3763020828125 0.568359375 0.36328125 0.5517578125 0.3359375 0.5439453125 0.3359375 0.537109375 0.34765625 0.5458984375 0.3515625 0.548828125 0.3658854171875
3 0.5732421875 0.4088541671875 0.6015625 0.4309895828125 0.599609375 0.4127604171875 0.5908203125 0.3932291671875 0.5732421875 0.3854166671875 0.564453125 0.38671875 0.56640625 0.3997395828125 0.5732421875 0.4088541671875
3 0.52734375 0.3606770828125 0.53125 0.37890625 0.537109375 0.37890625 0.5439453125 0.3697916671875 0.5615234375 0.375 0.568359375 0.3658854171875 0.5498046875 0.3385416671875 0.5322265625 0.3489583328125 0.52734375 0.3606770828125
3 0.5126953125 0.3619791671875 0.5078125 0.39453125 0.5205078125 0.4036458328125 0.5322265625 0.4244791671875 0.53515625 0.4231770828125 0.53515625 0.4153645828125 0.54296875 0.41015625 0.529296875 0.3971354171875 0.53125 0.37890625 0.52734375 0.3684895828125 0.5126953125 0.3619791671875
3 0.4765625 0.3502604171875 0.4765625 0.3658854171875 0.486328125 0.3736979171875 0.494140625 0.4049479171875 0.505859375 0.3919270828125 0.49609375 0.3736979171875 0.498046875 0.35546875 0.494140625 0.3450520828125 0.4833984375 0.3411458328125 0.4765625 0.3502604171875
3 0.4326171875 0.3255208328125 0.42578125 0.3372395828125 0.431640625 0.3606770828125 0.431640625 0.3815104171875 0.4365234375 0.3880208328125 0.4521484375 0.3828125 0.4599609375 0.390625 0.466796875 0.3893229171875 0.466796875 0.3841145828125 0.4521484375 0.3723958328125 0.4453125 0.3606770828125 0.447265625 0.3294270828125 0.4384765625 0.3229166671875 0.4326171875 0.3255208328125