3 0.41015625 0.99609375 0.423828125 0.9778645828125001 0.4208984375 0.9609375 0.3740234375 0.96875 0.3125 0.9908854171874999 0.3134765625 0.9973958328125001 0.41015625 0.99609375
3 0.453125 0.8424479171874999 0.455078125 0.7955729171875 0.466796875 0.73046875 0.455078125 0.5950520828125 0.4599609375 0.5885416671875 0.4638671875 0.59375 0.470703125 0.58984375 0.46875 0.55859375 0.4609375 0.52734375 0.4501953125 0.5130208328125 0.4384765625 0.5130208328125 0.423828125 0.52734375 0.41015625 0.5716145828125 0.41015625 0.6028645828125 0.419921875 0.62109375 0.412109375 0.6497395828125 0.3984375 0.6653645828125 0.380859375 0.7122395828125 0.34375 0.78515625 0.341796875 0.85546875 0.330078125 0.87890625 0.33203125 0.9205729171874999 0.31640625 0.95703125 0.31640625 0.9674479171874999 0.32421875 0.9674479171874999 0.4248046875 0.9401041671874999 0.427734375 0.9283854171874999 0.4345703125 0.9244791671874999 0.439453125 0.9127604171874999 0.44140625 0.8736979171874999 0.453125 0.8424479171874999
3 0.412109375 0.6158854171875 0.408203125 0.6002604171875 0.412109375 0.55859375 0.421875 0.5299479171875 0.4326171875 0.515625 0.44921875 0.5091145828125 0.439453125 0.4830729171875 0.435546875 0.4388020828125 0.4384765625 0.4348958328125 0.4521484375 0.4557291671875 0.4560546875 0.4557291671875 0.45703125 0.44921875 0.44140625 0.40234375 0.44140625 0.3919270828125 0.4326171875 0.3802083328125 0.4208984375 0.3802083328125 0.412109375 0.38671875 0.39453125 0.4466145828125 0.3955078125 0.4557291671875 0.4091796875 0.4348958328125 0.4140625 0.4622395828125 0.412109375 0.4856770828125 0.400390625 0.50390625 0.375 0.5846354171875 0.37890625 0.6263020828125 0.373046875 0.64453125 0.369140625 0.6861979171875 0.37109375 0.71484375 0.375 0.7174479171875 0.3828125 0.70703125 0.3984375 0.6653645828125 0.412109375 0.6497395828125 0.41796875 0.62890625 0.41796875 0.6184895828125 0.412109375 0.6158854171875
3 0.396484375 0.51171875 0.400390625 0.5013020828125 0.4013671875 0.4557291671875 0.392578125 0.4596354171875 0.388671875 0.4778645828125 0.388671875 0.5091145828125 0.396484375 0.51171875
3 0.408203125 0.39453125 0.419921875 0.3763020828125 0.412109375 0.3268229171875 0.4140625 0.2955729171875 0.41796875 0.2877604171875 0.41796875 0.24869791718749998 0.4091796875 0.23697916718749998 0.3955078125 0.23697916718749998 0.38671875 0.24609375 0.38671875 0.26953125 0.3671875 0.30078125 0.35546875 0.35546875 0.357421875 0.44140625 0.365234375 0.4934895828125 0.365234375 0.53515625 0.369140625 0.5559895828125 0.3740234375 0.5625 0.37890625 0.5611979171875 0.380859375 0.55078125 0.373046875 0.46484375 0.3818359375 0.453125 0.3896484375 0.4557291671875 0.39453125 0.44921875 0.408203125 0.39453125
3 0.45703125 0.0481770828125 0.451171875 0.01171875 0.4404296875 0.0026041671875 0.431640625 0.009114582812499999 0.416015625 0.0403645828125 0.4189453125 0.046875 0.4267578125 0.0364583328125 0.427734375 0.05078125 0.41796875 0.06380208281250001 0.41015625 0.09244791718749999 0.408203125 0.1341145828125 0.41015625 0.1627604171875 0.416015625 0.17578125 0.416015625 0.20182291718749998 0.4189453125 0.20572916718749998 0.4287109375 0.1979166671875 0.4365234375 0.1822916671875 0.44140625 0.1861979171875 0.439453125 0.24609375 0.447265625 0.24609375 0.45703125 0.1002604171875 0.4453125 0.0455729171875 0.4482421875 0.0416666671875 0.4580078125 0.05729166718749999 0.4609375 0.05338541718749999 0.45703125 0.0481770828125
3 0.400390625 0.09505208281250001 0.404296875 0.06901041718749999 0.40234375 0.0325520828125 0.3916015625 0.0208333328125 0.3818359375 0.0208333328125 0.357421875 0.05598958281250001 0.349609375 0.07942708281250001 0.345703125 0.1106770828125 0.345703125 0.12890625 0.361328125 0.1471354171875 0.361328125 0.1653645828125 0.3662109375 0.1744791671875 0.37109375 0.1731770828125 0.369140625 0.1497395828125 0.37890625 0.1471354171875 0.373046875 0.21223958281250002 0.380859375 0.21484375 0.380859375 0.19921875 0.38671875 0.1783854171875 0.384765625 0.16015625 0.39453125 0.1341145828125 0.392578125 0.1158854171875 0.400390625 0.09505208281250001
3 0.5703125 0.07942708281250001 0.5751953125 0.07291666718749999 0.57421875 0.11328125 0.5791015625 0.1171875 0.58203125 0.11328125 0.58203125 0.08723958281250001 0.587890625 0.08203125 0.591796875 0.06119791718749999 0.611328125 0.0299479171875 0.6142578125 0.0182291671875 0.6259765625 0.0026041671875 0.6357421875 0.015625 0.638671875 0.01171875 0.63671875 0.0013020828125 0.5341796875 0 0.5244140625 0.0078125 0.5078125 0.0403645828125 0.5078125 0.06119791718749999 0.51171875 0.06640625 0.509765625 0.11328125 0.517578125 0.1263020828125 0.51953125 0.1471354171875 0.525390625 0.1471354171875 0.53125 0.10546875 0.5458984375 0.07552083281250001 0.5693359375 0.0703125 0.564453125 0.09765625 0.5673828125 0.1041666671875 0.5703125 0.07942708281250001
3 0.50390625 0.04296875 0.5078125 0.04296875 0.517578125 0.01953125 0.5322265625 0 0.501953125 0.0013020828125 0.5 0.01953125 0.50390625 0.02734375 0.50390625 0.04296875
3 0.490234375 0.06901041718749999 0.490234375 0.04296875 0.5 0.01953125 0.5009765625 0 0.466796875 0.0013020828125 0.466796875 0.0221354171875 0.4609375 0.0455729171875 0.4609375 0.07161458281250001 0.466796875 0.07421875 0.470703125 0.03515625 0.4794921875 0.015625 0.484375 0.0221354171875 0.478515625 0.05078125 0.482421875 0.06640625 0.490234375 0.06901041718749999
3 0.3349609375 0.09114583281250001 0.333984375 0.06901041718749999 0.33984375 0.04296875 0.337890625 0.0013020828125 0.2978515625 0 0.3046875 0.08723958281250001 0.310546875 0.11328125 0.318359375 0.1158854171875 0.3125 0.05859375 0.3173828125 0.0546875 0.32421875 0.05859375 0.32421875 0.07682291718749999 0.328125 0.08723958281250001 0.3349609375 0.09114583281250001
3 0.34765625 0.04296875 0.345703125 0.07161458281250001 0.349609375 0.07421875 0.365234375 0.03515625 0.37890625 0.0169270828125 0.3798828125 0 0.337890625 0.0013020828125 0.33984375 0.0247395828125 0.34765625 0.04296875
3 0.3818359375 0 0.380859375 0.01953125 0.3916015625 0.0208333328125 0.40234375 0.0325520828125 0.404296875 0.08463541718749999 0.41015625 0.09244791718749999 0.41796875 0.06380208281250001 0.41796875 0.0481770828125 0.4140625 0.0455729171875 0.42578125 0.01953125 0.42578125 0.0013020828125 0.3818359375 0