3 0.619140625 0.5690104171875 0.6103515625 0.5416666671875 0.5986328125 0.5390625 0.59375 0.5455729171875 0.59375 0.5559895828125 0.6015625 0.56640625 0.603515625 0.5794270828125 0.6015625 0.6028645828125 0.609375 0.6236979171875 0.609375 0.6627604171875 0.615234375 0.6627604171875 0.6162109375 0.6354166671875 0.6298828125 0.640625 0.638671875 0.66796875 0.638671875 0.6783854171875 0.634765625 0.6809895828125 0.642578125 0.6888020828125 0.64453125 0.7096354171875 0.650390625 0.7122395828125 0.650390625 0.6627604171875 0.658203125 0.6653645828125 0.662109375 0.62109375 0.6474609375 0.5911458328125 0.6337890625 0.5859375 0.619140625 0.5690104171875
3 0.6328125 0.5455729171875 0.634765625 0.5299479171875 0.6220703125 0.5208333328125 0.61328125 0.5325520828125 0.623046875 0.5481770828125 0.62109375 0.5690104171875 0.6318359375 0.5833333328125 0.6513671875 0.59375 0.658203125 0.61328125 0.6640625 0.6184895828125 0.673828125 0.6080729171875 0.66796875 0.5768229171875 0.6591796875 0.5651041671875 0.6474609375 0.5625 0.6357421875 0.5520833328125 0.6328125 0.5455729171875
3 0.6015625 0.6002604171875 0.603515625 0.5638020828125 0.5947265625 0.5520833328125 0.6015625 0.6002604171875
3 0.6044921875 0.484375 0.595703125 0.49609375 0.6015625 0.5169270828125 0.595703125 0.54296875 0.6103515625 0.5442708328125 0.6171875 0.5638020828125 0.62109375 0.5638020828125 0.62109375 0.54296875 0.615234375 0.5377604171875 0.62109375 0.5247395828125 0.62109375 0.5013020828125 0.6123046875 0.484375 0.6044921875 0.484375
3 0.5830078125 0.4635416671875 0.576171875 0.4674479171875 0.576171875 0.48828125 0.5703125 0.5013020828125 0.57421875 0.54296875 0.578125 0.55078125 0.57421875 0.5716145828125 0.578125 0.5716145828125 0.5810546875 0.5651041671875 0.587890625 0.56640625 0.599609375 0.5247395828125 0.59765625 0.5013020828125 0.5859375 0.48828125 0.5830078125 0.4635416671875
3 0.541015625 0.4830729171875 0.541015625 0.4986979171875 0.53515625 0.51171875 0.533203125 0.53515625 0.537109375 0.5872395828125 0.541015625 0.5872395828125 0.5478515625 0.5677083328125 0.5556640625 0.5703125 0.55859375 0.6106770828125 0.564453125 0.6106770828125 0.56640625 0.5377604171875 0.5625 0.5169270828125 0.552734375 0.50390625 0.552734375 0.4778645828125 0.5478515625 0.4739583328125 0.541015625 0.4830729171875
3 0.5224609375 0.4765625 0.513671875 0.48046875 0.513671875 0.4986979171875 0.505859375 0.5221354171875 0.513671875 0.58203125 0.517578125 0.58203125 0.521484375 0.5794270828125 0.521484375 0.56640625 0.53515625 0.5403645828125 0.53515625 0.5143229171875 0.525390625 0.4986979171875 0.5224609375 0.4765625
3 0.4794921875 0.4869791671875 0.474609375 0.49609375 0.4765625 0.5169270828125 0.47265625 0.5377604171875 0.47265625 0.5611979171875 0.478515625 0.57421875 0.478515625 0.6028645828125 0.484375 0.6028645828125 0.482421875 0.5872395828125 0.486328125 0.57421875 0.4931640625 0.5755208328125 0.49609375 0.5794270828125 0.494140625 0.6158854171875 0.5 0.6184895828125 0.505859375 0.5481770828125 0.501953125 0.5299479171875 0.4931640625 0.5260416671875 0.486328125 0.5143229171875 0.486328125 0.48828125 0.4794921875 0.4869791671875
3 0.474609375 0.5143229171875 0.46875 0.5013020828125 0.46875 0.47265625 0.4658203125 0.46875 0.45703125 0.4752604171875 0.45703125 0.50390625 0.447265625 0.5221354171875 0.451171875 0.5611979171875 0.44921875 0.59765625 0.455078125 0.59765625 0.455078125 0.57421875 0.4599609375 0.5625 0.458984375 0.58984375 0.46484375 0.5950520828125 0.474609375 0.53515625 0.474609375 0.5143229171875
3 0.451171875 0.4934895828125 0.439453125 0.4778645828125 0.439453125 0.4674479171875 0.4462890625 0.4661458328125 0.447265625 0.4596354171875 0.4365234375 0.453125 0.4296875 0.4622395828125 0.4296875 0.4752604171875 0.419921875 0.49609375 0.419921875 0.51953125 0.427734375 0.5481770828125 0.427734375 0.5690104171875 0.43359375 0.5716145828125 0.43359375 0.5559895828125 0.4384765625 0.546875 0.447265625 0.54296875 0.447265625 0.5221354171875 0.455078125 0.5065104171875 0.451171875 0.4934895828125
3 0.41796875 0.5716145828125 0.4140625 0.5611979171875 0.4140625 0.5091145828125 0.41796875 0.49609375 0.4130859375 0.484375 0.4013671875 0.4869791671875 0.38671875 0.51953125 0.392578125 0.57421875 0.390625 0.5924479171875 0.396484375 0.5924479171875 0.3994140625 0.546875 0.404296875 0.55078125 0.40625 0.5794270828125 0.4111328125 0.5833333328125 0.412109375 0.57421875 0.41796875 0.5716145828125
3 0.412109375 0.4856770828125 0.416015625 0.49609375 0.419921875 0.49609375 0.4296875 0.4778645828125 0.431640625 0.4440104171875 0.4287109375 0.4401041671875 0.4228515625 0.4401041671875 0.4140625 0.4544270828125 0.412109375 0.4856770828125
3 0.4501953125 0.4661458328125 0.455078125 0.46484375 0.45703125 0.4518229171875 0.453125 0.4283854171875 0.4462890625 0.4244791671875 0.435546875 0.4544270828125 0.4462890625 0.4557291671875 0.4501953125 0.4661458328125
3 0.48828125 0.4544270828125 0.484375 0.4830729171875 0.490234375 0.4986979171875 0.505859375 0.51953125 0.509765625 0.51171875 0.509765625 0.49609375 0.5 0.4674479171875 0.5 0.44921875 0.4951171875 0.4453125 0.48828125 0.4544270828125
3 0.5380859375 0.4765625 0.5361328125 0.4765625 0.529296875 0.4674479171875 0.529296875 0.4596354171875 0.53125 0.45703125 0.53125 0.4544270828125 0.5263671875 0.4479166671875 0.5244140625 0.4479166671875 0.521484375 0.4518229171875 0.521484375 0.4544270828125 0.51953125 0.45703125 0.51953125 0.4622395828125 0.521484375 0.46484375 0.521484375 0.4752604171875 0.525390625 0.4830729171875 0.525390625 0.4986979171875 0.53125 0.5065104171875 0.5322265625 0.5104166671875 0.5361328125 0.5104166671875 0.537109375 0.5091145828125 0.537109375 0.5065104171875 0.5390625 0.50390625 0.5390625 0.4986979171875 0.541015625 0.49609375 0.541015625 0.48046875 0.5380859375 0.4765625
3 0.556640625 0.4830729171875 0.556640625 0.4778645828125 0.55859375 0.4752604171875 0.556640625 0.47265625 0.556640625 0.4674479171875 0.5537109375 0.4635416671875 0.5478515625 0.4635416671875 0.54296875 0.4752604171875 0.55078125 0.4830729171875 0.552734375 0.48828125 0.552734375 0.50390625 0.564453125 0.51953125 0.564453125 0.5403645828125 0.5673828125 0.546875 0.5703125 0.5455729171875 0.57421875 0.5377604171875 0.57421875 0.51953125 0.572265625 0.5169270828125 0.5703125 0.50390625 0.568359375 0.4986979171875 0.556640625 0.4830729171875
3 0.580078125 0.45703125 0.578125 0.4544270828125 0.578125 0.4518229171875 0.576171875 0.44921875 0.576171875 0.4466145828125 0.5751953125 0.4453125 0.5673828125 0.4453125 0.56640625 0.4466145828125 0.56640625 0.44921875 0.564453125 0.4518229171875 0.564453125 0.4622395828125 0.56640625 0.46484375 0.56640625 0.4674479171875 0.564453125 0.4700520828125 0.564453125 0.48046875 0.5625 0.4830729171875 0.5625 0.4908854171875 0.5693359375 0.5 0.5712890625 0.5 0.572265625 0.4986979171875 0.572265625 0.49609375 0.576171875 0.48828125 0.576171875 0.4752604171875 0.578125 0.47265625 0.578125 0.4596354171875 0.580078125 0.45703125
3 0.466796875 0.4518229171875 0.466796875 0.4674479171875 0.47265625 0.4908854171875 0.482421875 0.4830729171875 0.484375 0.47265625 0.474609375 0.4544270828125 0.4765625 0.44921875 0.4716796875 0.4453125 0.466796875 0.4518229171875