3 0.439453125 0.3815104171875 0.439453125 0.3971354171875 0.44921875 0.3997395828125 0.44921875 0.3606770828125 0.458984375 0.33203125 0.4609375 0.2591145828125 0.458984375 0.23567708281250002 0.451171875 0.21484375 0.453125 0.19140625 0.4560546875 0.1901041671875 0.4638671875 0.20572916718749998 0.466796875 0.20182291718749998 0.45703125 0.16015625 0.4462890625 0.1458333328125 0.43359375 0.1497395828125 0.41796875 0.1861979171875 0.4169921875 0.1979166671875 0.4248046875 0.1875 0.4306640625 0.1875 0.431640625 0.20442708281250002 0.421875 0.21484375 0.40625 0.2513020828125 0.40234375 0.2903645828125 0.39453125 0.3111979171875 0.39453125 0.3502604171875 0.41015625 0.37109375 0.412109375 0.4127604171875 0.41796875 0.41796875 0.423828125 0.4127604171875 0.419921875 0.3997395828125 0.4208984375 0.3723958328125 0.4267578125 0.3776041671875 0.4345703125 0.375 0.439453125 0.3815104171875
3 0.37890625 0.32421875 0.3857421875 0.3307291671875 0.392578125 0.3216145828125 0.388671875 0.28515625 0.392578125 0.2747395828125 0.396484375 0.20703125 0.390625 0.1705729171875 0.3828125 0.15234375 0.38671875 0.10546875 0.3798828125 0.09635416718749999 0.3681640625 0.09635416718749999 0.36328125 0.1028645828125 0.357421875 0.12890625 0.357421875 0.15234375 0.349609375 0.16796875 0.341796875 0.20963541718749998 0.34375 0.24609375 0.33984375 0.2565104171875 0.33984375 0.2903645828125 0.34765625 0.3059895828125 0.3515625 0.3815104171875 0.3564453125 0.3880208328125 0.361328125 0.38671875 0.36328125 0.3763020828125 0.35546875 0.34765625 0.357421875 0.3059895828125 0.3701171875 0.3072916671875 0.3779296875 0.3020833328125 0.37890625 0.32421875
3 0.3466796875 0.1822916671875 0.353515625 0.1575520828125 0.359375 0.08203125 0.353515625 0.04296875 0.34765625 0.0299479171875 0.3310546875 0.0260416671875 0.314453125 0.05859375 0.310546875 0.08463541718749999 0.31640625 0.1236979171875 0.32421875 0.1471354171875 0.32421875 0.1653645828125 0.330078125 0.18359375 0.337890625 0.1888020828125 0.33984375 0.1783854171875 0.33203125 0.1393229171875 0.3408203125 0.1354166671875 0.34375 0.1419270828125 0.341796875 0.1731770828125 0.3466796875 0.1822916671875
3 0.3564453125 0 0.34765625 0.0299479171875 0.353515625 0.0403645828125 0.361328125 0.08463541718749999 0.3759765625 0.09635416718749999 0.3828125 0.09505208281250001 0.396484375 0.06901041718749999 0.396484375 0.0325520828125 0.3837890625 0 0.3564453125 0
3 0.435546875 0.06380208281250001 0.42578125 0.0481770828125 0.42578125 0.014322917187500001 0.4208984375 0.0052083328125 0.4130859375 0.0026041671875 0.40234375 0.014322917187500001 0.396484375 0.03515625 0.404296875 0.05859375 0.3984375 0.07161458281250001 0.39453125 0.12109375 0.40625 0.1888020828125 0.412109375 0.20182291718749998 0.412109375 0.22786458281250002 0.416015625 0.23046875 0.41796875 0.20703125 0.412109375 0.1966145828125 0.431640625 0.15234375 0.4453125 0.1419270828125 0.447265625 0.1080729171875 0.435546875 0.06380208281250001
3 0.4345703125 0 0.427734375 0.0169270828125 0.427734375 0.0455729171875 0.4423828125 0.07552083281250001 0.455078125 0.07942708281250001 0.455078125 0.1341145828125 0.4599609375 0.1432291671875 0.462890625 0.1419270828125 0.462890625 0.09244791718749999 0.466796875 0.08463541718749999 0.470703125 0.0221354171875 0.4638671875 0 0.4345703125 0
3 0.5888671875 0 0.5810546875 0.0052083328125 0.5498046875 0.0078125 0.53125 0.02734375 0.517578125 0.06380208281250001 0.5234375 0.07682291718749999 0.521484375 0.12109375 0.52734375 0.1341145828125 0.529296875 0.1549479171875 0.537109375 0.1575520828125 0.54296875 0.1184895828125 0.5576171875 0.0859375 0.576171875 0.08203125 0.5751953125 0.1145833328125 0.580078125 0.11328125 0.58203125 0.09244791718749999 0.5869140625 0.0859375 0.5859375 0.1263020828125 0.591796875 0.1263020828125 0.591796875 0.1002604171875 0.59765625 0.09244791718749999 0.599609375 0.07682291718749999 0.6240234375 0.0338541671875 0.6318359375 0.0260416671875 0.638671875 0.02734375 0.642578125 0.01953125 0.6416015625 0 0.5888671875 0
3 0.509765625 0.01953125 0.515625 0.08723958281250001 0.517578125 0.05859375 0.5400390625 0.015625 0.5517578125 0.0078125 0.583984375 0.0013020828125 0.5185546875 0 0.509765625 0.01953125
3 0.4970703125 0.08072916718749999 0.501953125 0.07942708281250001 0.5 0.05078125 0.515625 0.006510417187500001 0.5146484375 0 0.46875 0.0013020828125 0.466796875 0.009114582812499999 0.47265625 0.0325520828125 0.470703125 0.07942708281250001 0.4736328125 0.08854166718749999 0.478515625 0.08723958281250001 0.478515625 0.0481770828125 0.4853515625 0.0286458328125 0.490234375 0.03515625 0.48828125 0.06119791718749999 0.4921875 0.07421875 0.4970703125 0.08072916718749999
3 0.404296875 0.6080729171875 0.392578125 0.5924479171875 0.390625 0.55859375 0.3994140625 0.5494791671875 0.4072265625 0.5598958328125 0.421875 0.5611979171875 0.404296875 0.53515625 0.3984375 0.5143229171875 0.3896484375 0.5052083328125 0.3681640625 0.5078125 0.361328125 0.51953125 0.35546875 0.5638020828125 0.357421875 0.5872395828125 0.345703125 0.6158854171875 0.341796875 0.66015625 0.330078125 0.7096354171875 0.33203125 0.7643229171875 0.326171875 0.77734375 0.328125 0.8216145828125001 0.3490104734375 0.791017559375 0.35894294531250004 0.772476471875 0.41257322187499995 0.8616194187499999 0.40625 0.8372395828125001 0.40234375 0.79296875 0.4140625 0.7434895828125 0.408203125 0.6263020828125 0.404296875 0.6080729171875
3 0.3388671875 1 0.408203125 0.9986979171874999 0.412109375 0.99609375 0.412109375 0.98046875 0.4072265625 0.9661458328125001 0.3486328125 0.9791666671874999 0.3359375 0.98828125 0.3388671875 1
3 0.4033203125 0.8671875 0.4140625 0.86328125 0.3986696625 0.83690066875 0.37748207968749997 0.8015997390624999 0.358280834375 0.7857143203125 0.328125 0.8190104171874999 0.314453125 0.84765625 0.3173828125 0.8645833328125001 0.3388671875 0.8671875 0.34765625 0.8841145828125001 0.353515625 0.9309895828125001 0.33984375 0.9596354171874999 0.3408203125 0.9661458328125001 0.345703125 0.96484375 0.3955078125 0.953125 0.404296875 0.9466145828125001 0.39453125 0.92578125 0.3984375 0.9153645828125001 0.3984375 0.87890625 0.4033203125 0.8671875