3 0.50390625 0.60546875 0.5146484375 0.6171875 0.5224609375 0.6015625 0.529296875 0.6002604171875 0.529296875 0.5794270828125 0.537109375 0.5716145828125 0.5205078125 0.5546875 0.4853515625 0.5338541671875 0.470703125 0.50390625 0.45703125 0.4908854171875 0.439453125 0.4518229171875 0.4150390625 0.4401041671875 0.3984375 0.45703125 0.3984375 0.4674479171875 0.40625 0.4934895828125 0.40625 0.5247395828125 0.427734375 0.5533854171875 0.427734375 0.63671875 0.431640625 0.63671875 0.4443359375 0.5755208328125 0.4580078125 0.5833333328125 0.4677734375 0.5755208328125 0.4912109375 0.578125 0.501953125 0.5924479171875 0.50390625 0.60546875
3 0.408203125 0.55078125 0.408203125 0.53515625 0.400390625 0.5169270828125 0.404296875 0.4830729171875 0.400390625 0.4778645828125 0.3984375 0.4596354171875 0.41796875 0.4361979171875 0.421875 0.41796875 0.419921875 0.4075520828125 0.4091796875 0.3958333328125 0.3876953125 0.4010416671875 0.37109375 0.44140625 0.369140625 0.5091145828125 0.37890625 0.5690104171875 0.3828125 0.56640625 0.3828125 0.5247395828125 0.3857421875 0.5182291671875 0.396484375 0.5221354171875 0.400390625 0.5455729171875 0.408203125 0.55078125
3 0.3671875 0.50390625 0.37109375 0.4830729171875 0.3671875 0.4700520828125 0.37109375 0.4388020828125 0.376953125 0.4231770828125 0.37109375 0.4049479171875 0.3623046875 0.3958333328125 0.3466796875 0.3958333328125 0.337890625 0.4049479171875 0.3359375 0.4231770828125 0.326171875 0.4518229171875 0.326171875 0.4700520828125 0.33203125 0.48828125 0.33203125 0.5716145828125 0.3359375 0.57421875 0.341796875 0.56640625 0.345703125 0.52734375 0.3544921875 0.5234375 0.3623046875 0.5416666671875 0.37109375 0.52734375 0.3671875 0.50390625
3 0.501953125 0.3919270828125 0.4931640625 0.3802083328125 0.4794921875 0.375 0.46484375 0.3893229171875 0.447265625 0.46484375 0.45703125 0.4908854171875 0.4716796875 0.5078125 0.4833984375 0.5052083328125 0.486328125 0.5091145828125 0.482421875 0.52734375 0.49609375 0.5377604171875 0.494140625 0.48828125 0.4970703125 0.4973958328125 0.498046875 0.47265625 0.5078125 0.4544270828125 0.51171875 0.4205729171875 0.501953125 0.3919270828125
3 0.556640625 0.47265625 0.56640625 0.4205729171875 0.55078125 0.3763020828125 0.5322265625 0.3671875 0.515625 0.3841145828125 0.513671875 0.43359375 0.517578125 0.4440104171875 0.521484375 0.50390625 0.529296875 0.5065104171875 0.5283203125 0.515625 0.537109375 0.51171875 0.53125 0.54296875 0.5390625 0.54296875 0.541015625 0.52734375 0.55078125 0.5247395828125 0.552734375 0.4986979171875 0.5595703125 0.5104166671875 0.5625 0.5091145828125 0.556640625 0.47265625
3 0.435546875 0.3763020828125 0.439453125 0.3919270828125 0.4287109375 0.3984375 0.423828125 0.4075520828125 0.41796875 0.4388020828125 0.4453125 0.4544270828125 0.4609375 0.4049479171875 0.462890625 0.3763020828125 0.4560546875 0.3645833328125 0.4423828125 0.359375 0.4375 0.36328125 0.435546875 0.3763020828125
3 0.396484375 0.32421875 0.396484375 0.3372395828125 0.400390625 0.3424479171875 0.396484375 0.35546875 0.396484375 0.3919270828125 0.4013671875 0.3958333328125 0.4072265625 0.3932291671875 0.423828125 0.4075520828125 0.439453125 0.39453125 0.439453125 0.3658854171875 0.431640625 0.3268229171875 0.4248046875 0.3177083328125 0.4130859375 0.3125 0.396484375 0.32421875
3 0.353515625 0.3059895828125 0.35546875 0.3424479171875 0.361328125 0.3528645828125 0.357421875 0.37109375 0.375 0.4127604171875 0.37890625 0.4127604171875 0.392578125 0.39453125 0.396484375 0.3528645828125 0.400390625 0.3450520828125 0.380859375 0.29296875 0.3681640625 0.2890625 0.353515625 0.3059895828125
3 0.353515625 0.3033854171875 0.34375 0.2747395828125 0.3330078125 0.265625 0.3212890625 0.265625 0.310546875 0.2825520828125 0.310546875 0.3216145828125 0.318359375 0.35546875 0.326171875 0.3684895828125 0.333984375 0.40234375 0.337890625 0.4049479171875 0.349609375 0.3841145828125 0.353515625 0.35546875 0.3583984375 0.3567708328125 0.359375 0.3502604171875 0.353515625 0.3450520828125 0.353515625 0.3033854171875
3 0.314453125 0.3424479171875 0.30859375 0.3138020828125 0.310546875 0.29296875 0.2978515625 0.2604166671875 0.2802734375 0.2604166671875 0.2734375 0.2721354171875 0.275390625 0.30859375 0.291015625 0.3606770828125 0.294921875 0.4049479171875 0.30078125 0.4075520828125 0.298828125 0.3763020828125 0.3017578125 0.3671875 0.3046875 0.37890625 0.310546875 0.37890625 0.30859375 0.3580729171875 0.314453125 0.3424479171875
3 0.5341796875 0.3255208328125 0.529296875 0.3190104171875 0.5224609375 0.2994791671875 0.5107421875 0.2916666671875 0.49609375 0.30859375 0.505859375 0.3216145828125 0.5078125 0.3450520828125 0.515625 0.3580729171875 0.509765625 0.37109375 0.513671875 0.38671875 0.5205078125 0.375 0.5322265625 0.3671875 0.5458984375 0.3697916671875 0.55078125 0.33984375 0.5419921875 0.3255208328125 0.5341796875 0.3255208328125
3 0.4873046875 0.3098958328125 0.474609375 0.32421875 0.4765625 0.3606770828125 0.47265625 0.3684895828125 0.505859375 0.3919270828125 0.509765625 0.3658854171875 0.515625 0.3580729171875 0.5078125 0.34765625 0.505859375 0.3216145828125 0.4951171875 0.3098958328125 0.4873046875 0.3098958328125
3 0.5556640625 0.296875 0.5400390625 0.2760416671875 0.529296875 0.31640625 0.5341796875 0.3255208328125 0.5419921875 0.3255208328125 0.548828125 0.3346354171875 0.548828125 0.3684895828125 0.5546875 0.3763020828125 0.56640625 0.33984375 0.56640625 0.3268229171875 0.580078125 0.3190104171875 0.578125 0.3059895828125 0.5693359375 0.2890625 0.5556640625 0.296875
3 0.5361328125 0.2265625 0.5166015625 0.234375 0.513671875 0.24348958281250002 0.521484375 0.2565104171875 0.5361328125 0.265625 0.552734375 0.29296875 0.55859375 0.2955729171875 0.5654296875 0.2890625 0.57421875 0.2903645828125 0.57421875 0.2565104171875 0.5576171875 0.25 0.5478515625 0.23177083281250002 0.5361328125 0.2265625
3 0.4921875 0.2513020828125 0.5 0.29296875 0.5146484375 0.2916666671875 0.5263671875 0.3072916671875 0.53125 0.3059895828125 0.5390625 0.2721354171875 0.5302734375 0.2630208328125 0.5244140625 0.2630208328125 0.5126953125 0.2421875 0.4990234375 0.2421875 0.4921875 0.2513020828125
3 0.431640625 0.2981770828125 0.43359375 0.3424479171875 0.4384765625 0.3567708328125 0.4560546875 0.3619791671875 0.462890625 0.3763020828125 0.46875 0.37890625 0.470703125 0.34765625 0.4765625 0.3424479171875 0.47265625 0.3111979171875 0.4599609375 0.2838541671875 0.4443359375 0.28125 0.431640625 0.2981770828125
3 0.4814453125 0.2708333328125 0.4716796875 0.2552083328125 0.4619140625 0.2552083328125 0.453125 0.2669270828125 0.453125 0.2799479171875 0.466796875 0.29296875 0.470703125 0.3138020828125 0.4765625 0.3190104171875 0.4892578125 0.3098958328125 0.4921875 0.30078125 0.5 0.2955729171875 0.5 0.2877604171875 0.4892578125 0.2708333328125 0.4814453125 0.2708333328125
3 0.4736328125 0.2578125 0.4794921875 0.2708333328125 0.4921875 0.2721354171875 0.494140625 0.25390625 0.486328125 0.22786458281250002 0.4697265625 0.22395833281250002 0.46484375 0.23046875 0.46484375 0.2513020828125 0.4736328125 0.2578125
3 0.41015625 0.2591145828125 0.4150390625 0.2604166671875 0.43359375 0.2903645828125 0.451171875 0.2747395828125 0.453125 0.24609375 0.4326171875 0.22395833281250002 0.4208984375 0.22395833281250002 0.41015625 0.23567708281250002 0.41015625 0.2591145828125
3 0.427734375 0.22265625 0.4384765625 0.234375 0.4482421875 0.23697916718749998 0.4560546875 0.2526041671875 0.46484375 0.2513020828125 0.462890625 0.22786458281250002 0.4580078125 0.21875 0.4443359375 0.20833333281250002 0.4365234375 0.20833333281250002 0.427734375 0.21744791718749998 0.427734375 0.22265625
3 0.40234375 0.2825520828125 0.3984375 0.2877604171875 0.400390625 0.31640625 0.4169921875 0.3125 0.4296875 0.3190104171875 0.431640625 0.29296875 0.421875 0.2669270828125 0.4150390625 0.2604166671875 0.4013671875 0.265625 0.3984375 0.2721354171875 0.40234375 0.2825520828125
3 0.3740234375 0.2526041671875 0.3671875 0.26171875 0.369140625 0.2903645828125 0.3779296875 0.2942708328125 0.388671875 0.3190104171875 0.396484375 0.32421875 0.400390625 0.3111979171875 0.404296875 0.3138020828125 0.400390625 0.3059895828125 0.400390625 0.27734375 0.3818359375 0.2552083328125 0.3740234375 0.2526041671875
3 0.333984375 0.2643229171875 0.34375 0.2747395828125 0.34765625 0.29296875 0.35546875 0.30078125 0.3671875 0.2877604171875 0.3671875 0.2747395828125 0.3564453125 0.24739583281250002 0.3408203125 0.24479166718749998 0.333984375 0.25390625 0.333984375 0.2643229171875
3 0.369140625 0.2513020828125 0.3818359375 0.2526041671875 0.3955078125 0.2708333328125 0.3984375 0.26953125 0.40234375 0.2643229171875 0.40625 0.23567708281250002 0.3857421875 0.20052083281250002 0.3740234375 0.1979166671875 0.365234375 0.20963541718749998 0.369140625 0.2513020828125
3 0.322265625 0.20703125 0.33203125 0.24348958281250002 0.3349609375 0.24739583281250002 0.3505859375 0.24479166718749998 0.36328125 0.2565104171875 0.3671875 0.2513020828125 0.3671875 0.23307291718749998 0.3515625 0.20442708281250002 0.3447265625 0.1953125 0.3271484375 0.1979166671875 0.322265625 0.20703125
3 0.3046875 0.22786458281250002 0.30078125 0.26171875 0.3046875 0.27734375 0.310546875 0.2825520828125 0.3173828125 0.2682291671875 0.333984375 0.26171875 0.330078125 0.23046875 0.3212890625 0.21875 0.3115234375 0.21875 0.3046875 0.22786458281250002
3 0.2724609375 0.2109375 0.267578125 0.22526041718749998 0.267578125 0.2513020828125 0.271484375 0.2643229171875 0.27734375 0.2669270828125 0.2802734375 0.2604166671875 0.2998046875 0.2604166671875 0.302734375 0.24869791718749998 0.302734375 0.23567708281250002 0.2880859375 0.20833333281250002 0.2724609375 0.2109375