3 0.607421875 0.20703125 0.611328125 0.1888020828125 0.60546875 0.1653645828125 0.5947265625 0.15625 0.5703125 0.1888020828125 0.5771484375 0.1953125 0.5869140625 0.1875 0.587890625 0.21223958281250002 0.576171875 0.23307291718749998 0.572265625 0.2669270828125 0.560546875 0.28515625 0.5634765625 0.2890625 0.5673828125 0.2864583328125 0.580078125 0.26953125 0.583984375 0.3059895828125 0.576171875 0.3294270828125 0.583984375 0.3268229171875 0.5888671875 0.3098958328125 0.58984375 0.3346354171875 0.578125 0.3606770828125 0.5791015625 0.3671875 0.5830078125 0.3671875 0.58984375 0.3502604171875 0.59765625 0.3450520828125 0.6005859375 0.3177083328125 0.60546875 0.3190104171875 0.6044921875 0.3307291671875 0.611328125 0.3294270828125 0.609375 0.3502604171875 0.599609375 0.3815104171875 0.60546875 0.38671875 0.615234375 0.3658854171875 0.619140625 0.33984375 0.6328125 0.3033854171875 0.634765625 0.26171875 0.619140625 0.23828125 0.607421875 0.20703125
3 0.6201171875 0.09895833281250001 0.6083984375 0.09635416718749999 0.6015625 0.10546875 0.603515625 0.1393229171875 0.599609375 0.1575520828125 0.60546875 0.1627604171875 0.611328125 0.1888020828125 0.607421875 0.20963541718749998 0.6171875 0.23307291718749998 0.623046875 0.23567708281250002 0.6298828125 0.23177083281250002 0.634765625 0.22005208281250002 0.634765625 0.1783854171875 0.6171875 0.13671875 0.625 0.1106770828125 0.6201171875 0.09895833281250001
3 0.560546875 0.10546875 0.546875 0.08723958281250001 0.546875 0.07161458281250001 0.5546875 0.05598958281250001 0.5546875 0.04296875 0.5458984375 0.0338541671875 0.5380859375 0.0338541671875 0.533203125 0.0403645828125 0.5234375 0.09244791718749999 0.529296875 0.12890625 0.529296875 0.1653645828125 0.54296875 0.20442708281250002 0.54296875 0.21744791718749998 0.53515625 0.23828125 0.541015625 0.24348958281250002 0.55078125 0.21223958281250002 0.55859375 0.20963541718749998 0.5546875 0.19140625 0.56640625 0.1653645828125 0.56640625 0.1236979171875 0.560546875 0.10546875
3 0.568359375 0.08203125 0.576171875 0.05598958281250001 0.5732421875 0.0390625 0.5654296875 0.0390625 0.55859375 0.0481770828125 0.55859375 0.06119791718749999 0.548828125 0.08984375 0.560546875 0.10546875 0.56640625 0.1236979171875 0.564453125 0.1497395828125 0.5703125 0.18359375 0.556640625 0.21223958281250002 0.5576171875 0.21875 0.5625 0.21744791718749998 0.572265625 0.19921875 0.5703125 0.1888020828125 0.580078125 0.17578125 0.587890625 0.1497395828125 0.5859375 0.1028645828125 0.568359375 0.08203125
3 0.5234375 0.09765625 0.5078125 0.06640625 0.505859375 0.0247395828125 0.4990234375 0.013020832812499999 0.4912109375 0.013020832812499999 0.484375 0.02734375 0.48828125 0.04296875 0.484375 0.08463541718749999 0.4921875 0.1028645828125 0.490234375 0.15234375 0.50390625 0.1627604171875 0.4921875 0.22005208281250002 0.4921875 0.23046875 0.498046875 0.23046875 0.50390625 0.19140625 0.5185546875 0.1640625 0.5146484375 0.20572916718749998 0.525390625 0.18359375 0.529296875 0.12890625 0.5234375 0.09765625
3 0.462890625 0.03515625 0.46875 0.02734375 0.4580078125 0.010416667187500001 0.4501953125 0.0078125 0.44140625 0.01953125 0.44140625 0.03515625 0.451171875 0.05338541718749999 0.453125 0.06640625 0.453125 0.09505208281250001 0.447265625 0.1263020828125 0.455078125 0.1393229171875 0.455078125 0.1549479171875 0.44921875 0.19921875 0.455078125 0.19921875 0.4609375 0.1783854171875 0.4609375 0.1575520828125 0.4677734375 0.1536458328125 0.470703125 0.1575520828125 0.466796875 0.20182291718749998 0.46875 0.21744791718749998 0.4765625 0.1783854171875 0.48828125 0.14453125 0.4921875 0.10546875 0.482421875 0.08203125 0.462890625 0.05859375 0.462890625 0.03515625
3 0.435546875 0.0221354171875 0.435546875 0.0013020828125 0.4130859375 0 0.416015625 0.0325520828125 0.408203125 0.05078125 0.408203125 0.12109375 0.400390625 0.1471354171875 0.4052734375 0.1510416671875 0.41015625 0.14453125 0.4228515625 0.109375 0.4287109375 0.1145833328125 0.435546875 0.1263020828125 0.42578125 0.1731770828125 0.42578125 0.1783854171875 0.431640625 0.1809895828125 0.439453125 0.1627604171875 0.439453125 0.13671875 0.451171875 0.10546875 0.453125 0.06640625 0.451171875 0.05338541718749999 0.435546875 0.0221354171875
3 0.392578125 0.09505208281250001 0.396484375 0.07161458281250001 0.416015625 0.0325520828125 0.4091796875 0 0.3671875 0.0013020828125 0.369140625 0.07161458281250001 0.365234375 0.09505208281250001 0.369140625 0.09765625 0.373046875 0.05598958281250001 0.3798828125 0.046875 0.392578125 0.06119791718749999 0.388671875 0.08463541718749999 0.388671875 0.09505208281250001 0.392578125 0.09505208281250001
3 0.34765625 0.0325520828125 0.359375 0.006510417187500001 0.3583984375 0 0.32421875 0.0013020828125 0.326171875 0.08463541718749999 0.333984375 0.08723958281250001 0.333984375 0.05078125 0.337890625 0.05338541718749999 0.3359375 0.06640625 0.3388671875 0.06770833281250001 0.345703125 0.05078125 0.34765625 0.0325520828125
3 0.5888671875 0.010416667187500001 0.578125 0.02734375 0.576171875 0.05859375 0.5703125 0.08203125 0.583984375 0.09765625 0.587890625 0.1158854171875 0.591796875 0.1158854171875 0.599609375 0.10546875 0.603515625 0.08723958281250001 0.591796875 0.0455729171875 0.59765625 0.0325520828125 0.59765625 0.0169270828125 0.5888671875 0.010416667187500001
3 0.5556640625 0.0442708328125 0.5625 0.04296875 0.564453125 0.03515625 0.55859375 0.0169270828125 0.564453125 0.0013020828125 0.5478515625 0 0.54296875 0.0299479171875 0.5556640625 0.0442708328125
3 0.515625 0.01953125 0.51953125 0.0377604171875 0.509765625 0.06380208281250001 0.513671875 0.07942708281250001 0.5205078125 0.09114583281250001 0.5234375 0.08984375 0.53125 0.06640625 0.533203125 0.04296875 0.5390625 0.0325520828125 0.5341796875 0 0.521484375 0.0013020828125 0.515625 0.01953125