3 0.4912109375 0.6015625 0.4462890625 0.59375 0.4404296875 0.5703125 0.4306640625 0.5651041671875 0.4228515625 0.5677083328125 0.41796875 0.5794270828125 0.421875 0.5846354171875 0.423828125 0.61328125 0.431640625 0.62890625 0.435546875 0.6497395828125 0.447265625 0.6653645828125 0.447265625 0.70703125 0.443359375 0.72265625 0.451171875 0.7200520828125 0.458984375 0.6783854171875 0.4658203125 0.6640625 0.4794921875 0.671875 0.5166015625 0.6692708328125 0.5390625 0.7096354171875 0.537109375 0.7434895828125 0.544921875 0.7434895828125 0.552734375 0.71484375 0.552734375 0.67578125 0.5625 0.6471354171875 0.560546875 0.6315104171875 0.5341796875 0.6015625 0.4912109375 0.6015625
3 0.419921875 0.5533854171875 0.41015625 0.5325520828125 0.3916015625 0.5104166671875 0.3623046875 0.5078125 0.3486328125 0.5 0.3291015625 0.4973958328125 0.3154296875 0.4739583328125 0.3017578125 0.46875 0.294921875 0.4778645828125 0.29296875 0.5091145828125 0.2978515625 0.5130208328125 0.3056640625 0.5052083328125 0.31640625 0.51953125 0.322265625 0.5481770828125 0.318359375 0.57421875 0.306640625 0.6002604171875 0.3095703125 0.6041666671875 0.3203125 0.58203125 0.3408203125 0.5598958328125 0.3544921875 0.5755208328125 0.3720703125 0.578125 0.37890625 0.5846354171875 0.388671875 0.60546875 0.384765625 0.63671875 0.390625 0.6393229171875 0.39453125 0.6315104171875 0.39453125 0.58203125 0.3974609375 0.578125 0.4091796875 0.5833333328125 0.419921875 0.5690104171875 0.419921875 0.5533854171875
3 0.4228515625 0.4817708328125 0.3564453125 0.4661458328125 0.3310546875 0.4427083328125 0.3203125 0.44921875 0.322265625 0.45703125 0.318359375 0.4752604171875 0.3232421875 0.4817708328125 0.3349609375 0.4817708328125 0.341796875 0.49609375 0.3505859375 0.5026041671875 0.3955078125 0.5130208328125 0.416015625 0.54296875 0.4228515625 0.5651041671875 0.443359375 0.56640625 0.4560546875 0.5651041671875 0.462890625 0.5481770828125 0.462890625 0.5247395828125 0.458984375 0.51171875 0.4482421875 0.4973958328125 0.4228515625 0.4817708328125
3 0.29296875 0.51171875 0.29296875 0.49609375 0.28515625 0.4700520828125 0.2646484375 0.4479166671875 0.2158203125 0.4322916671875 0.2001953125 0.40625 0.1865234375 0.40625 0.18359375 0.4309895828125 0.1923828125 0.4453125 0.19921875 0.4440104171875 0.201171875 0.4674479171875 0.20703125 0.4830729171875 0.205078125 0.5065104171875 0.212890625 0.53515625 0.21875 0.5325520828125 0.21484375 0.5065104171875 0.2236328125 0.4947916671875 0.228515625 0.50390625 0.23046875 0.5377604171875 0.236328125 0.5377604171875 0.234375 0.51171875 0.2373046875 0.5078125 0.2451171875 0.5104166671875 0.2578125 0.5325520828125 0.259765625 0.5455729171875 0.255859375 0.5638020828125 0.26171875 0.5638020828125 0.265625 0.5611979171875 0.271484375 0.5377604171875 0.265625 0.5169270828125 0.2744140625 0.5104166671875 0.2802734375 0.5182291671875 0.29296875 0.51171875
3 0.201171875 0.3971354171875 0.1845703125 0.3932291671875 0.1728515625 0.3828125 0.1630859375 0.3828125 0.1533203125 0.390625 0.14453125 0.41796875 0.146484375 0.44140625 0.162109375 0.4934895828125 0.162109375 0.5143229171875 0.16796875 0.5169270828125 0.169921875 0.4934895828125 0.1796875 0.4934895828125 0.17578125 0.46484375 0.181640625 0.4544270828125 0.18359375 0.41015625 0.201171875 0.3971354171875
3 0.203125 0.47265625 0.19921875 0.4518229171875 0.1943359375 0.4453125 0.193359375 0.50390625 0.19921875 0.50390625 0.203125 0.47265625
3 0.2275390625 0.3489583328125 0.22265625 0.3580729171875 0.22265625 0.38671875 0.19921875 0.4049479171875 0.2177734375 0.4322916671875 0.2265625 0.4309895828125 0.228515625 0.41796875 0.23828125 0.3997395828125 0.23828125 0.3763020828125 0.244140625 0.3606770828125 0.2353515625 0.3489583328125 0.2275390625 0.3489583328125
3 0.244140625 0.3971354171875 0.2744140625 0.3828125 0.28125 0.37109375 0.2724609375 0.3671875 0.2568359375 0.3723958328125 0.24609375 0.3841145828125 0.244140625 0.3971354171875
3 0.283203125 0.35546875 0.28125 0.3736979171875 0.2744140625 0.3828125 0.2431640625 0.3958333328125 0.2353515625 0.4036458328125 0.2265625 0.42578125 0.2314453125 0.4401041671875 0.27734375 0.4518229171875 0.28515625 0.4388020828125 0.294921875 0.3893229171875 0.30859375 0.3736979171875 0.2998046875 0.3489583328125 0.2880859375 0.3489583328125 0.283203125 0.35546875
3 0.330078125 0.36328125 0.3232421875 0.3541666671875 0.3125 0.3580729171875 0.30859375 0.3893229171875 0.291015625 0.4075520828125 0.287109375 0.4205729171875 0.287109375 0.4674479171875 0.29296875 0.4778645828125 0.2998046875 0.46875 0.310546875 0.46484375 0.314453125 0.44140625 0.32421875 0.41796875 0.32421875 0.3763020828125 0.330078125 0.36328125
3 0.34765625 0.37890625 0.3388671875 0.3645833328125 0.3310546875 0.3645833328125 0.32421875 0.3763020828125 0.328125 0.3997395828125 0.32421875 0.4205729171875 0.3125 0.44921875 0.3125 0.4674479171875 0.31640625 0.4700520828125 0.318359375 0.4518229171875 0.3251953125 0.4427083328125 0.345703125 0.44921875 0.34765625 0.41015625 0.34375 0.3971354171875 0.34765625 0.37890625
3 0.34765625 0.3815104171875 0.3515625 0.41015625 0.345703125 0.43359375 0.34765625 0.45703125 0.3623046875 0.46875 0.3828125 0.4674479171875 0.376953125 0.43359375 0.3671875 0.41796875 0.37109375 0.3841145828125 0.3623046875 0.3723958328125 0.3544921875 0.3723958328125 0.34765625 0.3815104171875
3 0.37109375 0.3893229171875 0.373046875 0.4283854171875 0.376953125 0.43359375 0.3828125 0.4674479171875 0.3916015625 0.4765625 0.419921875 0.48046875 0.41796875 0.44140625 0.388671875 0.4153645828125 0.390625 0.3841145828125 0.3837890625 0.3776041671875 0.3740234375 0.3828125 0.37109375 0.3893229171875
3 0.435546875 0.41015625 0.439453125 0.4231770828125 0.447265625 0.4283854171875 0.455078125 0.4518229171875 0.451171875 0.4986979171875 0.458984375 0.51171875 0.462890625 0.5299479171875 0.4658203125 0.5338541671875 0.4716796875 0.53125 0.474609375 0.55078125 0.478515625 0.55078125 0.48046875 0.53515625 0.48828125 0.51953125 0.486328125 0.4830729171875 0.458984375 0.3997395828125 0.4443359375 0.3984375 0.435546875 0.41015625
3 0.5712890625 0.4348958328125 0.564453125 0.44140625 0.564453125 0.4674479171875 0.576171875 0.47265625 0.568359375 0.5065104171875 0.576171875 0.5377604171875 0.580078125 0.5403645828125 0.572265625 0.5924479171875 0.58984375 0.5611979171875 0.5888671875 0.5520833328125 0.6083984375 0.5572916671875 0.61328125 0.5638020828125 0.611328125 0.6080729171875 0.6171875 0.6106770828125 0.626953125 0.5325520828125 0.62109375 0.4856770828125 0.6142578125 0.4765625 0.5986328125 0.4713541671875 0.5849609375 0.4401041671875 0.5712890625 0.4348958328125
3 0.58984375 0.4127604171875 0.587890625 0.3893229171875 0.5751953125 0.3802083328125 0.5673828125 0.3854166671875 0.560546875 0.3997395828125 0.572265625 0.42578125 0.587890625 0.4440104171875 0.595703125 0.46484375 0.62109375 0.4856770828125 0.623046875 0.5091145828125 0.6328125 0.51953125 0.6328125 0.55859375 0.63671875 0.55859375 0.638671875 0.5143229171875 0.6484375 0.5013020828125 0.64453125 0.46484375 0.6318359375 0.4427083328125 0.5947265625 0.421875 0.58984375 0.4127604171875
3 0.5029296875 0.4166666671875 0.49609375 0.4231770828125 0.49609375 0.43359375 0.513671875 0.4674479171875 0.515625 0.5013020828125 0.5234375 0.5221354171875 0.5234375 0.55078125 0.517578125 0.5846354171875 0.5244140625 0.5911458328125 0.529296875 0.58203125 0.53125 0.5455729171875 0.5380859375 0.5390625 0.5419921875 0.546875 0.5478515625 0.5442708328125 0.55078125 0.5481770828125 0.552734375 0.58984375 0.55859375 0.58984375 0.5625 0.5091145828125 0.556640625 0.48046875 0.5234375 0.4440104171875 0.52734375 0.4361979171875 0.5126953125 0.4166666671875 0.5029296875 0.4166666671875
3 0.486328125 0.4283854171875 0.4765625 0.40234375 0.4716796875 0.3958333328125 0.4599609375 0.3958333328125 0.45703125 0.40234375 0.466796875 0.41796875 0.466796875 0.4309895828125 0.486328125 0.4830729171875 0.486328125 0.52734375 0.494140625 0.5559895828125 0.4921875 0.57421875 0.498046875 0.5768229171875 0.501953125 0.5377604171875 0.5068359375 0.5286458328125 0.509765625 0.5638020828125 0.515625 0.56640625 0.513671875 0.4674479171875 0.486328125 0.4283854171875
3 0.5126953125 0.390625 0.5009765625 0.3854166671875 0.4873386125 0.4004468296875 0.48631790625000004 0.412419159375 0.4928504328125 0.4132354546875 0.4975456859375 0.4137796515625 0.50040366875 0.4105144703125 0.503465790625 0.40806558437499996 0.5048828125 0.4140625 0.5224609375 0.4270833328125 0.52734375 0.43359375 0.52734375 0.44921875 0.552734375 0.47265625 0.560546875 0.50390625 0.56640625 0.5065104171875 0.57421875 0.4908854171875 0.576171875 0.47265625 0.564453125 0.46484375 0.564453125 0.44140625 0.5283203125 0.4192708328125 0.5126953125 0.390625
3 0.529296875 0.3893229171875 0.52734375 0.38671875 0.52734375 0.3815104171875 0.5234375 0.3763020828125 0.5224609375 0.3723958328125 0.5205078125 0.3723958328125 0.5146484375 0.3671875 0.5087890625 0.3671875 0.5 0.3763020828125 0.5 0.3815104171875 0.5029296875 0.3854166671875 0.5068359375 0.3854166671875 0.5087890625 0.3880208328125 0.5107421875 0.3880208328125 0.5224609375 0.40625 0.5244140625 0.40625 0.5263671875 0.4088541671875 0.5380859375 0.4088541671875 0.5439453125 0.4140625 0.546875 0.4127604171875 0.548828125 0.41015625 0.548828125 0.40234375 0.5419921875 0.3958333328125 0.5302734375 0.3958333328125 0.529296875 0.39453125 0.529296875 0.3893229171875
3 0.5703125 0.4205729171875 0.568359375 0.4127604171875 0.560546875 0.40234375 0.560546875 0.3971354171875 0.55859375 0.39453125 0.56640625 0.3841145828125 0.564453125 0.3763020828125 0.5595703125 0.3723958328125 0.5537109375 0.3723958328125 0.5517578125 0.375 0.5498046875 0.375 0.544921875 0.3841145828125 0.544921875 0.3971354171875 0.548828125 0.4049479171875 0.548828125 0.41015625 0.546875 0.4127604171875 0.548828125 0.4153645828125 0.548828125 0.4231770828125 0.55078125 0.42578125 0.55078125 0.4309895828125 0.5556640625 0.4348958328125 0.5576171875 0.4348958328125 0.5595703125 0.4375 0.5751953125 0.4375 0.576171875 0.4361979171875 0.576171875 0.43359375 0.57421875 0.4309895828125 0.57421875 0.4283854171875 0.572265625 0.42578125 0.572265625 0.4231770828125 0.5703125 0.4205729171875
3 0.4384765625 0.3723958328125 0.4365234375 0.375 0.4267578125 0.375 0.4189453125 0.3619791671875 0.4150390625 0.359375 0.4091796875 0.359375 0.4013671875 0.3645833328125 0.3984375 0.3684895828125 0.3984375 0.37109375 0.39453125 0.3736979171875 0.392578125 0.37890625 0.3974609375 0.3854166671875 0.4013671875 0.3854166671875 0.4033203125 0.3880208328125 0.4130859375 0.3880208328125 0.416015625 0.3919270828125 0.416015625 0.39453125 0.4248046875 0.40625 0.4287109375 0.4036458328125 0.4296875 0.4049479171875 0.427734375 0.4075520828125 0.4287109375 0.4088541671875 0.435546875 0.4075520828125 0.4384765625 0.40625 0.4443359375 0.3984375 0.455078125 0.39453125 0.451171875 0.3841145828125 0.4423828125 0.3723958328125 0.4384765625 0.3723958328125
3 0.453125 0.44921875 0.453125 0.44140625 0.44921875 0.4361979171875 0.44921875 0.43359375 0.4404296875 0.4244791671875 0.4287109375 0.4244791671875 0.42578125 0.4283854171875 0.42578125 0.4309895828125 0.419921875 0.4440104171875 0.419921875 0.4674479171875 0.421875 0.4700520828125 0.421875 0.48046875 0.4248046875 0.484375 0.4345703125 0.4869791671875 0.4384765625 0.4921875 0.4404296875 0.4921875 0.4462890625 0.4973958328125 0.451171875 0.49609375 0.451171875 0.4934895828125 0.453125 0.4908854171875 0.453125 0.47265625 0.455078125 0.4700520828125 0.455078125 0.4518229171875 0.453125 0.44921875
3 0.4130859375 0.4088541671875 0.4111328125 0.40625 0.3896484375 0.40625 0.388671875 0.4075520828125 0.388671875 0.41796875 0.3896484375 0.4192708328125 0.3916015625 0.4192708328125 0.3935546875 0.421875 0.3974609375 0.421875 0.3994140625 0.4244791671875 0.4013671875 0.4244791671875 0.4033203125 0.4270833328125 0.4052734375 0.4270833328125 0.4072265625 0.4296875 0.4091796875 0.4296875 0.4189453125 0.4427083328125 0.419921875 0.44140625 0.421875 0.4388020828125 0.421875 0.4361979171875 0.42578125 0.4283854171875 0.42578125 0.4231770828125 0.4150390625 0.4088541671875 0.4130859375 0.4088541671875
3 0.48828125 0.4075520828125 0.5 0.3841145828125 0.4951171875 0.375 0.4833984375 0.3723958328125 0.470703125 0.3919270828125 0.4833984375 0.4088541671875 0.48828125 0.4075520828125