3 0.5224609375 0.7291666671875 0.52734375 0.7174479171875 0.525390625 0.6809895828125 0.53125 0.6731770828125 0.53125 0.63671875 0.521484375 0.6002604171875 0.505859375 0.5690104171875 0.48828125 0.55078125 0.484375 0.5403645828125 0.486328125 0.5169270828125 0.4697265625 0.5026041671875 0.4638671875 0.5026041671875 0.45703125 0.5143229171875 0.45703125 0.5481770828125 0.4619140625 0.5494791671875 0.4658203125 0.5442708328125 0.47265625 0.5611979171875 0.470703125 0.60546875 0.4765625 0.6315104171875 0.486328125 0.65234375 0.48828125 0.7591145828125 0.4912109375 0.765625 0.498046875 0.7643229171875 0.501953125 0.74609375 0.5 0.6888020828125 0.5029296875 0.6848958328125 0.515625 0.6888020828125 0.517578125 0.7252604171875 0.5224609375 0.7291666671875
3 0.5703125 0.7018229171875 0.568359375 0.6809895828125 0.578125 0.6575520828125 0.578125 0.6393229171875 0.564453125 0.5872395828125 0.541015625 0.5481770828125 0.548828125 0.5143229171875 0.546875 0.5065104171875 0.5322265625 0.484375 0.5224609375 0.484375 0.513671875 0.5169270828125 0.513671875 0.5325520828125 0.5185546875 0.5338541671875 0.51953125 0.5403645828125 0.51171875 0.5638020828125 0.51171875 0.5768229171875 0.53125 0.6315104171875 0.53125 0.6731770828125 0.5390625 0.70703125 0.537109375 0.7330729171875 0.5419921875 0.7395833328125 0.546875 0.73828125 0.55078125 0.71484375 0.546875 0.6809895828125 0.552734375 0.6809895828125 0.556640625 0.70703125 0.5654296875 0.7109375 0.5703125 0.7018229171875
3 0.5703125 0.4700520828125 0.5556640625 0.4661458328125 0.55078125 0.47265625 0.548828125 0.50390625 0.55859375 0.51953125 0.55078125 0.5611979171875 0.57421875 0.6158854171875 0.578125 0.6341145828125 0.576171875 0.6861979171875 0.58203125 0.6888020828125 0.587890625 0.6653645828125 0.595703125 0.57421875 0.591796875 0.5533854171875 0.57421875 0.5169270828125 0.57421875 0.4830729171875 0.5703125 0.4700520828125
3 0.4404296875 0.5234375 0.4228515625 0.5104166671875 0.4140625 0.5169270828125 0.4140625 0.5325520828125 0.3984375 0.5846354171875 0.39453125 0.6158854171875 0.404296875 0.6419270828125 0.4052734375 0.6770833328125 0.41015625 0.6549479171875 0.4189453125 0.6432291671875 0.42578125 0.64453125 0.423828125 0.6940104171875 0.42578125 0.7018229171875 0.43359375 0.70703125 0.43359375 0.6575520828125 0.44140625 0.63671875 0.44140625 0.61328125 0.451171875 0.5794270828125 0.4453125 0.5325520828125 0.4404296875 0.5234375
3 0.40234375 0.65234375 0.400390625 0.6341145828125 0.39453125 0.6236979171875 0.39453125 0.60546875 0.412109375 0.5377604171875 0.408203125 0.4830729171875 0.41796875 0.47265625 0.41015625 0.44921875 0.4013671875 0.4427083328125 0.388671875 0.4596354171875 0.388671875 0.4908854171875 0.36328125 0.5455729171875 0.357421875 0.57421875 0.35546875 0.6575520828125 0.359375 0.6783854171875 0.3671875 0.6809895828125 0.3720703125 0.6223958328125 0.3876953125 0.6197916671875 0.390625 0.6236979171875 0.388671875 0.6575520828125 0.3935546875 0.6692708328125 0.40234375 0.65234375
3 0.373046875 0.5221354171875 0.3671875 0.49609375 0.3671875 0.4596354171875 0.373046875 0.4518229171875 0.373046875 0.4440104171875 0.3642578125 0.4270833328125 0.3544921875 0.4296875 0.349609375 0.4388020828125 0.34765625 0.4830729171875 0.2890625 0.5455729171875 0.2734375 0.5872395828125 0.275390625 0.6158854171875 0.29296875 0.62890625 0.294921875 0.65234375 0.3037109375 0.6770833328125 0.30859375 0.66796875 0.302734375 0.63671875 0.3115234375 0.625 0.31640625 0.62890625 0.318359375 0.6966145828125 0.3232421875 0.7083333328125 0.330078125 0.70703125 0.326171875 0.6966145828125 0.326171875 0.6497395828125 0.33203125 0.60546875 0.357421875 0.58203125 0.361328125 0.55078125 0.373046875 0.5221354171875
3 0.30859375 0.5221354171875 0.30859375 0.50390625 0.314453125 0.4856770828125 0.31640625 0.42578125 0.3193359375 0.421875 0.3232421875 0.4270833328125 0.328125 0.42578125 0.3173828125 0.4010416671875 0.3076171875 0.4010416671875 0.302734375 0.4075520828125 0.2998046875 0.4348958328125 0.265625 0.46484375 0.25390625 0.5013020828125 0.251953125 0.51953125 0.267578125 0.5403645828125 0.271484375 0.5638020828125 0.27734375 0.56640625 0.27734375 0.5403645828125 0.2861328125 0.546875 0.29296875 0.5377604171875 0.2998046875 0.515625 0.3037109375 0.5234375 0.30859375 0.5221354171875
3 0.3740234375 0.4453125 0.3779296875 0.4453125 0.388671875 0.42578125 0.3828125 0.4075520828125 0.384765625 0.3893229171875 0.380859375 0.3580729171875 0.3740234375 0.3489583328125 0.3662109375 0.3489583328125 0.359375 0.35546875 0.357421875 0.3971354171875 0.3466796875 0.4140625 0.328125 0.4309895828125 0.31640625 0.4596354171875 0.31640625 0.4908854171875 0.326171875 0.5065104171875 0.3427734375 0.4895833328125 0.349609375 0.4752604171875 0.349609375 0.4361979171875 0.3564453125 0.4244791671875 0.3623046875 0.4244791671875 0.3740234375 0.4453125
3 0.4140625 0.4466145828125 0.408203125 0.4075520828125 0.416015625 0.3997395828125 0.416015625 0.3919270828125 0.4033203125 0.3723958328125 0.3955078125 0.3723958328125 0.388671875 0.3815104171875 0.380859375 0.4075520828125 0.3896484375 0.4010416671875 0.392578125 0.41796875 0.369140625 0.4674479171875 0.369140625 0.5013020828125 0.373046875 0.5143229171875 0.376953125 0.5143229171875 0.388671875 0.4856770828125 0.3828125 0.4752604171875 0.388671875 0.45703125 0.3994140625 0.4427083328125 0.4111328125 0.4505208328125 0.4140625 0.4466145828125
3 0.44921875 0.4049479171875 0.45703125 0.3841145828125 0.45703125 0.37109375 0.4482421875 0.3645833328125 0.4375 0.3736979171875 0.439453125 0.4049479171875 0.412109375 0.4518229171875 0.419921875 0.47265625 0.419921875 0.4856770828125 0.4130859375 0.484375 0.408203125 0.4908854171875 0.408203125 0.5013020828125 0.4150390625 0.5130208328125 0.41796875 0.51171875 0.43359375 0.5091145828125 0.439453125 0.48046875 0.455078125 0.4466145828125 0.45703125 0.42578125 0.44921875 0.4127604171875 0.44921875 0.4049479171875
3 0.48046875 0.4049479171875 0.4638671875 0.3802083328125 0.455078125 0.38671875 0.451171875 0.3997395828125 0.451171875 0.41015625 0.45703125 0.4153645828125 0.458984375 0.4283854171875 0.45703125 0.4466145828125 0.447265625 0.4596354171875 0.43359375 0.5091145828125 0.43359375 0.5169270828125 0.4462890625 0.5338541671875 0.455078125 0.5325520828125 0.45703125 0.51171875 0.470703125 0.4986979171875 0.48046875 0.46484375 0.48046875 0.44921875 0.470703125 0.4361979171875 0.48046875 0.4049479171875
3 0.50390625 0.4309895828125 0.4912109375 0.4114583328125 0.4853515625 0.4088541671875 0.4765625 0.4153645828125 0.470703125 0.43359375 0.478515625 0.44140625 0.482421875 0.4544270828125 0.482421875 0.4674479171875 0.470703125 0.50390625 0.494140625 0.52734375 0.484375 0.5325520828125 0.48828125 0.55078125 0.5048828125 0.5677083328125 0.509765625 0.56640625 0.513671875 0.5533854171875 0.51171875 0.5169270828125 0.49609375 0.4440104171875 0.49609375 0.43359375 0.5029296875 0.4375 0.50390625 0.4309895828125
3 0.546875 0.4674479171875 0.533203125 0.4283854171875 0.52734375 0.39453125 0.5107421875 0.3828125 0.5 0.3919270828125 0.498046875 0.4049479171875 0.5078125 0.4283854171875 0.515625 0.43359375 0.505859375 0.47265625 0.5078125 0.5065104171875 0.513671875 0.51171875 0.517578125 0.4908854171875 0.5244140625 0.4817708328125 0.5341796875 0.484375 0.541015625 0.4986979171875 0.5458984375 0.5 0.546875 0.4674479171875
3 0.58984375 0.54296875 0.595703125 0.5221354171875 0.591796875 0.50390625 0.583984375 0.4856770828125 0.5712890625 0.4713541671875 0.57421875 0.5169270828125 0.58984375 0.54296875
3 0.5439453125 0.4140625 0.5390625 0.41796875 0.537109375 0.4309895828125 0.546875 0.4700520828125 0.55078125 0.47265625 0.5556640625 0.4661458328125 0.568359375 0.46484375 0.55859375 0.44921875 0.556640625 0.4205729171875 0.5517578125 0.4140625 0.5439453125 0.4140625
3 0.5478515625 0.3541666671875 0.537109375 0.37109375 0.53515625 0.3841145828125 0.5478515625 0.390625 0.564453125 0.4153645828125 0.5703125 0.44140625 0.5703125 0.46484375 0.583984375 0.4830729171875 0.5927734375 0.5052083328125 0.5986328125 0.4947916671875 0.6015625 0.49609375 0.599609375 0.5325520828125 0.60546875 0.53515625 0.611328125 0.4361979171875 0.60546875 0.4205729171875 0.572265625 0.3841145828125 0.5703125 0.3736979171875 0.5576171875 0.3541666671875 0.5478515625 0.3541666671875
3 0.6083984375 0.3515625 0.6015625 0.37109375 0.615234375 0.3997395828125 0.615234375 0.4700520828125 0.626953125 0.4856770828125 0.62109375 0.5143229171875 0.6279296875 0.515625 0.6376953125 0.4947916671875 0.638671875 0.5377604171875 0.64453125 0.5377604171875 0.65234375 0.51171875 0.65234375 0.42578125 0.634765625 0.3893229171875 0.6328125 0.3684895828125 0.6201171875 0.3515625 0.6083984375 0.3515625
3 0.578125 0.5221354171875 0.5859375 0.5403645828125 0.58984375 0.5403645828125 0.59375 0.5325520828125 0.591796875 0.5065104171875 0.583984375 0.4856770828125 0.5791015625 0.484375 0.576171875 0.4986979171875 0.578125 0.5221354171875
3 0.529296875 0.3606770828125 0.5224609375 0.3515625 0.5126953125 0.3515625 0.505859375 0.3580729171875 0.505859375 0.3684895828125 0.5126953125 0.3828125 0.529296875 0.3971354171875 0.533203125 0.42578125 0.544921875 0.4544270828125 0.546875 0.4700520828125 0.55078125 0.47265625 0.5595703125 0.4635416671875 0.568359375 0.4622395828125 0.56640625 0.4205729171875 0.5576171875 0.4036458328125 0.533203125 0.3841145828125 0.529296875 0.3606770828125
3 0.52734375 0.3450520828125 0.52734375 0.3528645828125 0.541015625 0.36328125 0.5439453125 0.3567708328125 0.556640625 0.3502604171875 0.5546875 0.33984375 0.5458984375 0.3307291671875 0.5400390625 0.3307291671875 0.52734375 0.3450520828125
3 0.5947265625 0.40625 0.6103515625 0.4296875 0.61328125 0.4283854171875 0.615234375 0.4075520828125 0.60546875 0.3815104171875 0.5966796875 0.3723958328125 0.5693359375 0.3671875 0.57421875 0.38671875 0.5947265625 0.40625
3 0.5546875 0.33203125 0.556640625 0.3528645828125 0.5673828125 0.3645833328125 0.599609375 0.3736979171875 0.603515625 0.3606770828125 0.5947265625 0.3515625 0.5830078125 0.3489583328125 0.5673828125 0.3255208328125 0.5595703125 0.3255208328125 0.5546875 0.33203125
3 0.4921875 0.3294270828125 0.4990234375 0.34375 0.52734375 0.3450520828125 0.537109375 0.3346354171875 0.517578125 0.3268229171875 0.517578125 0.2981770828125 0.5087890625 0.2916666671875 0.5 0.30078125 0.4921875 0.3294270828125
3 0.490234375 0.33203125 0.4794921875 0.3229166671875 0.474609375 0.3268229171875 0.46484375 0.3528645828125 0.46484375 0.37890625 0.4794921875 0.4036458328125 0.494140625 0.4075520828125 0.49609375 0.39453125 0.5078125 0.37890625 0.49609375 0.3606770828125 0.494140625 0.3372395828125 0.4912109375 0.3385416671875 0.490234375 0.33203125
3 0.4375 0.3658854171875 0.4482421875 0.3645833328125 0.4599609375 0.3802083328125 0.46484375 0.37890625 0.466796875 0.36328125 0.453125 0.3502604171875 0.451171875 0.3216145828125 0.4384765625 0.3098958328125 0.431640625 0.3216145828125 0.4375 0.3658854171875
3 0.412109375 0.3268229171875 0.412109375 0.3346354171875 0.404296875 0.34765625 0.4072265625 0.3515625 0.4111328125 0.34375 0.416015625 0.34765625 0.416015625 0.3841145828125 0.419921875 0.3919270828125 0.421875 0.4283854171875 0.42578125 0.4283854171875 0.439453125 0.4049479171875 0.439453125 0.3684895828125 0.431640625 0.3606770828125 0.427734375 0.32421875 0.4189453125 0.3203125 0.412109375 0.3268229171875
3 0.384765625 0.34765625 0.380859375 0.35546875 0.3828125 0.3815104171875 0.3876953125 0.3854166671875 0.3935546875 0.375 0.4033203125 0.375 0.41796875 0.4127604171875 0.41796875 0.3893229171875 0.400390625 0.3502604171875 0.404296875 0.3372395828125 0.40234375 0.3294270828125 0.41015625 0.3268229171875 0.3916015625 0.3177083328125 0.384765625 0.3268229171875 0.384765625 0.34765625
3 0.3896484375 0.3203125 0.3974609375 0.3203125 0.4052734375 0.3333333328125 0.41015625 0.3294270828125 0.3935546875 0.3125 0.3818359375 0.3125 0.3603515625 0.3229166671875 0.353515625 0.33203125 0.34765625 0.3528645828125 0.34765625 0.37109375 0.35546875 0.37890625 0.3623046875 0.3515625 0.3720703125 0.3489583328125 0.3798828125 0.3541666671875 0.384765625 0.34765625 0.384765625 0.3268229171875 0.3896484375 0.3203125