3 0.150390625 0.4986979171875 0.1318359375 0.4739583328125 0.1025390625 0.4739583328125 0.08203125 0.50390625 0.078125 0.52734375 0.08203125 0.5638020828125 0.09375 0.58203125 0.095703125 0.5950520828125 0.111328125 0.6106770828125 0.111328125 0.6497395828125 0.1181640625 0.6536458328125 0.123046875 0.6471354171875 0.123046875 0.61328125 0.1298828125 0.6119791671875 0.134765625 0.6236979171875 0.13671875 0.6653645828125 0.1396484375 0.671875 0.146484375 0.6705729171875 0.150390625 0.6653645828125 0.14453125 0.6549479171875 0.14453125 0.60546875 0.15625 0.5950520828125 0.15625 0.55078125 0.150390625 0.4986979171875
3 0.212890625 0.4856770828125 0.1982421875 0.4635416671875 0.1923828125 0.4609375 0.1748046875 0.4635416671875 0.1650390625 0.4713541671875 0.150390625 0.4986979171875 0.154296875 0.5169270828125 0.15625 0.58203125 0.169921875 0.60546875 0.173828125 0.6419270828125 0.18359375 0.6419270828125 0.1875 0.6341145828125 0.18359375 0.58984375 0.185546875 0.5455729171875 0.189453125 0.5299479171875 0.21484375 0.4986979171875 0.212890625 0.4856770828125
3 0.2294921875 0.4895833328125 0.2197265625 0.4921875 0.19140625 0.52734375 0.185546875 0.5455729171875 0.18359375 0.5872395828125 0.1875 0.62109375 0.201171875 0.6497395828125 0.201171875 0.6861979171875 0.2080078125 0.6901041671875 0.212890625 0.68359375 0.2109375 0.6627604171875 0.2138671875 0.6588541671875 0.2236328125 0.6692708328125 0.2333984375 0.671875 0.23046875 0.7122395828125 0.240234375 0.71484375 0.2421875 0.65234375 0.25390625 0.6315104171875 0.25390625 0.5611979171875 0.24609375 0.4986979171875 0.2412109375 0.4921875 0.2294921875 0.4895833328125
3 0.2802734375 0.4427083328125 0.26171875 0.4622395828125 0.24609375 0.4986979171875 0.255859375 0.58984375 0.271484375 0.6158854171875 0.2685546875 0.671875 0.27734375 0.66796875 0.279296875 0.6236979171875 0.283203125 0.6106770828125 0.2861328125 0.6067708328125 0.298828125 0.6080729171875 0.302734375 0.6940104171875 0.3125 0.6966145828125 0.306640625 0.6106770828125 0.314453125 0.59765625 0.3125 0.5559895828125 0.31640625 0.48828125 0.2978515625 0.4453125 0.2802734375 0.4427083328125
3 0.3837890625 0.6432291671875 0.392578125 0.6471354171875 0.3984375 0.68359375 0.396484375 0.7122395828125 0.4013671875 0.71875 0.408203125 0.7122395828125 0.400390625 0.6471354171875 0.41015625 0.6184895828125 0.41015625 0.5950520828125 0.40234375 0.5638020828125 0.384765625 0.5247395828125 0.3583984375 0.4895833328125 0.3447265625 0.4791666671875 0.3369140625 0.4791666671875 0.3251953125 0.4869791671875 0.318359375 0.4986979171875 0.318359375 0.56640625 0.328125 0.6028645828125 0.328125 0.6263020828125 0.322265625 0.65234375 0.33203125 0.6497395828125 0.33203125 0.6158854171875 0.3369140625 0.6067708328125 0.359375 0.6809895828125 0.359375 0.7174479171875 0.3515625 0.7356770828125 0.3544921875 0.7421875 0.359375 0.7408854171875 0.365234375 0.7330729171875 0.3671875 0.7200520828125 0.369140625 0.6731770828125 0.365234375 0.65234375 0.3701171875 0.6484375 0.3837890625 0.6432291671875
3 0.3486328125 0.4244791671875 0.3291015625 0.4322916671875 0.318359375 0.4544270828125 0.318359375 0.48828125 0.3212890625 0.4921875 0.3349609375 0.4791666671875 0.3544921875 0.484375 0.380859375 0.5169270828125 0.3984375 0.5533854171875 0.40234375 0.5533854171875 0.4140625 0.51171875 0.412109375 0.48046875 0.404296875 0.45703125 0.3876953125 0.4348958328125 0.3759765625 0.4296875 0.3486328125 0.4244791671875
3 0.32421875 0.4388020828125 0.3203125 0.4205729171875 0.3017578125 0.4088541671875 0.2548828125 0.4088541671875 0.2158203125 0.4322916671875 0.20703125 0.4440104171875 0.201171875 0.4674479171875 0.2177734375 0.4921875 0.2373046875 0.4895833328125 0.24609375 0.4934895828125 0.267578125 0.4518229171875 0.2783203125 0.4427083328125 0.2978515625 0.4453125 0.3154296875 0.4817708328125 0.318359375 0.4544270828125 0.32421875 0.4388020828125
3 0.58203125 0.57421875 0.5537109375 0.5390625 0.5146484375 0.5182291671875 0.4892578125 0.5182291671875 0.4775390625 0.5286458328125 0.4462890625 0.53125 0.44140625 0.5638020828125 0.4599609375 0.5677083328125 0.490234375 0.6158854171875 0.490234375 0.6393229171875 0.484375 0.6549479171875 0.4873046875 0.6614583328125 0.4921875 0.66015625 0.49609375 0.6263020828125 0.5009765625 0.625 0.5068359375 0.6328125 0.5224609375 0.6328125 0.5380859375 0.6614583328125 0.55078125 0.66796875 0.544921875 0.6940104171875 0.55078125 0.7018229171875 0.546875 0.7278645828125 0.552734375 0.73046875 0.560546875 0.7200520828125 0.560546875 0.6966145828125 0.568359375 0.6653645828125 0.59375 0.62890625 0.59375 0.60546875 0.58203125 0.57421875
3 0.4345703125 0.4427083328125 0.421875 0.46484375 0.4228515625 0.4817708328125 0.4580078125 0.4869791671875 0.474609375 0.50390625 0.4814453125 0.5208333328125 0.5166015625 0.5182291671875 0.5400390625 0.5338541671875 0.55078125 0.53515625 0.5625 0.5169270828125 0.552734375 0.4908854171875 0.5205078125 0.453125 0.4931640625 0.4401041671875 0.4736328125 0.4479166671875 0.4345703125 0.4427083328125
3 0.5771484375 0.515625 0.5634765625 0.515625 0.5576171875 0.5208333328125 0.55078125 0.53515625 0.583984375 0.5768229171875 0.59375 0.6028645828125 0.5966796875 0.6302083328125 0.6025390625 0.6328125 0.6220703125 0.6197916671875 0.6318359375 0.6197916671875 0.640625 0.62890625 0.65234375 0.6627604171875 0.65234375 0.6861979171875 0.646484375 0.69921875 0.65625 0.7018229171875 0.66015625 0.6966145828125 0.666015625 0.6341145828125 0.68359375 0.6028645828125 0.68359375 0.56640625 0.6533203125 0.5260416671875 0.5771484375 0.515625
3 0.5634765625 0.515625 0.6396484375 0.5208333328125 0.65625 0.52734375 0.654296875 0.51953125 0.6357421875 0.4973958328125 0.6123046875 0.4869791671875 0.5654296875 0.4791666671875 0.552734375 0.48828125 0.5634765625 0.515625
3 0.6767578125 0.4947916671875 0.6640625 0.5065104171875 0.658203125 0.52734375 0.681640625 0.5611979171875 0.6875 0.61328125 0.6953125 0.62109375 0.697265625 0.6315104171875 0.69140625 0.6497395828125 0.6796875 0.6627604171875 0.6796875 0.6705729171875 0.6845703125 0.6744791671875 0.6904296875 0.671875 0.708984375 0.6419270828125 0.708984375 0.6341145828125 0.7119140625 0.6302083328125 0.7177734375 0.6328125 0.720703125 0.6471354171875 0.73046875 0.6627604171875 0.728515625 0.7122395828125 0.736328125 0.7122395828125 0.736328125 0.64453125 0.75390625 0.6158854171875 0.75390625 0.5716145828125 0.75 0.55078125 0.7255859375 0.515625 0.6767578125 0.4947916671875
3 0.81640625 0.5533854171875 0.7978515625 0.5286458328125 0.7724609375 0.5104166671875 0.7509765625 0.5078125 0.73828125 0.51953125 0.73828125 0.52734375 0.75390625 0.56640625 0.751953125 0.6263020828125 0.7587890625 0.625 0.76171875 0.6315104171875 0.765625 0.6471354171875 0.763671875 0.66015625 0.771484375 0.66796875 0.7734375 0.6809895828125 0.771484375 0.7044270828125 0.779296875 0.7096354171875 0.787109375 0.7044270828125 0.787109375 0.6497395828125 0.810546875 0.6263020828125 0.8203125 0.6002604171875 0.822265625 0.57421875 0.81640625 0.5533854171875
3 1 0.56640625 0.9326171875 0.546875 0.9013671875 0.5598958328125 0.8896484375 0.5703125 0.8642578125 0.5703125 0.85546875 0.58203125 0.84765625 0.6106770828125 0.849609375 0.6184895828125 0.8603515625 0.6223958328125 0.8857421875 0.6015625 0.8994140625 0.6041666671875 0.90625 0.62109375 0.919921875 0.6315104171875 0.912109375 0.6471354171875 0.912109375 0.6653645828125 0.904296875 0.6731770828125 0.9072265625 0.6796875 0.9208984375 0.671875 0.9365234375 0.6901041671875 0.939453125 0.6809895828125 0.923828125 0.6627604171875 0.923828125 0.6549479171875 0.9306640625 0.6458333328125 0.9365234375 0.6484375 0.9404296875 0.640625 0.9462890625 0.640625 0.9619140625 0.6640625 0.982421875 0.6653645828125 0.986328125 0.67578125 0.984375 0.6888020828125 0.955078125 0.7096354171875 0.9599609375 0.71875 0.96484375 0.7174479171875 1 0.69921875 1 0.56640625
3 0.6572265625 0.4036458328125 0.634765625 0.41796875 0.6416015625 0.4244791671875 0.6728515625 0.4322916671875 0.69140625 0.4544270828125 0.693359375 0.4752604171875 0.7216796875 0.5130208328125 0.73828125 0.5143229171875 0.7626953125 0.5078125 0.76953125 0.4908854171875 0.767578125 0.4622395828125 0.7509765625 0.4296875 0.7001953125 0.3984375 0.6572265625 0.4036458328125
3 0.6748046875 0.4348958328125 0.6220703125 0.4192708328125 0.6083984375 0.3984375 0.5986328125 0.3932291671875 0.5908203125 0.3958333328125 0.576171875 0.41015625 0.576171875 0.41796875 0.5927734375 0.421875 0.6015625 0.44921875 0.615234375 0.4700520828125 0.6171875 0.4830729171875 0.626953125 0.4856770828125 0.6455078125 0.4661458328125 0.6611328125 0.4661458328125 0.6923828125 0.4765625 0.693359375 0.46484375 0.689453125 0.4518229171875 0.6748046875 0.4348958328125
3 0.5517578125 0.4869791671875 0.5673828125 0.4791666671875 0.5810546875 0.4791666671875 0.6171875 0.48828125 0.61328125 0.4674479171875 0.6025390625 0.453125 0.5791015625 0.4401041671875 0.5439453125 0.4401041671875 0.51953125 0.4518229171875 0.5517578125 0.4869791671875
3 0.4970703125 0.421875 0.490234375 0.4283854171875 0.4970703125 0.4427083328125 0.51953125 0.4518229171875 0.5341796875 0.4427083328125 0.5712890625 0.4401041671875 0.572265625 0.4361979171875 0.5634765625 0.4270833328125 0.5224609375 0.4166666671875 0.4970703125 0.421875
3 0.4677734375 0.5234375 0.474609375 0.5221354171875 0.4765625 0.51171875 0.47265625 0.5013020828125 0.4599609375 0.4895833328125 0.4521484375 0.4895833328125 0.455078125 0.51171875 0.4677734375 0.5234375
3 0.4892578125 0.4427083328125 0.4921875 0.4361979171875 0.4853515625 0.4244791671875 0.4638671875 0.4140625 0.4306640625 0.4140625 0.400390625 0.4440104171875 0.4140625 0.48046875 0.416015625 0.5065104171875 0.44140625 0.5143229171875 0.443359375 0.48828125 0.419921875 0.48046875 0.42578125 0.4544270828125 0.4345703125 0.4427083328125 0.4580078125 0.4479166671875 0.4892578125 0.4427083328125
3 0.3515625 0.4075520828125 0.3505859375 0.4244791671875 0.3779296875 0.4296875 0.3955078125 0.4453125 0.400390625 0.4440104171875 0.431640625 0.4127604171875 0.4130859375 0.3854166671875 0.4013671875 0.3802083328125 0.3857421875 0.3828125 0.3603515625 0.3958333328125 0.3515625 0.4075520828125
3 0.5087890625 0.390625 0.5166015625 0.3854166671875 0.5283203125 0.3880208328125 0.5341796875 0.3828125 0.5478515625 0.3828125 0.583984375 0.3997395828125 0.583984375 0.3893229171875 0.5693359375 0.3697916671875 0.5166015625 0.359375 0.5078125 0.3658854171875 0.505859375 0.38671875 0.5087890625 0.390625
3 0.552734375 0.3424479171875 0.55078125 0.3190104171875 0.5439453125 0.3098958328125 0.5263671875 0.3020833328125 0.4931640625 0.3098958328125 0.48828125 0.31640625 0.48828125 0.33203125 0.50390625 0.3294270828125 0.5078125 0.3424479171875 0.501953125 0.3658854171875 0.505859375 0.3658854171875 0.5107421875 0.3489583328125 0.517578125 0.3580729171875 0.5185546875 0.3463541671875 0.5322265625 0.3515625 0.5419921875 0.3619791671875 0.552734375 0.3424479171875
3 0.3642578125 0.3098958328125 0.353515625 0.32421875 0.349609375 0.35546875 0.3544921875 0.3671875 0.361328125 0.36328125 0.3642578125 0.3802083328125 0.369140625 0.37890625 0.3671875 0.3580729171875 0.3701171875 0.3567708328125 0.376953125 0.3684895828125 0.375 0.3841145828125 0.37890625 0.3841145828125 0.384765625 0.3815104171875 0.384765625 0.3658854171875 0.392578125 0.3502604171875 0.392578125 0.3294270828125 0.3837890625 0.3151041671875 0.3642578125 0.3098958328125
3 0.298828125 0.33203125 0.3037109375 0.34375 0.3115234375 0.3385416671875 0.3154296875 0.3463541671875 0.31640625 0.3372395828125 0.3125 0.33203125 0.3154296875 0.3255208328125 0.3212890625 0.3515625 0.32421875 0.3268229171875 0.3291015625 0.3255208328125 0.33203125 0.3294270828125 0.33203125 0.35546875 0.3359375 0.3580729171875 0.33984375 0.3033854171875 0.3291015625 0.2864583328125 0.3154296875 0.2864583328125 0.3076171875 0.2916666671875 0.302734375 0.3033854171875 0.298828125 0.33203125
3 0.251953125 0.27734375 0.248046875 0.3033854171875 0.2529296875 0.3098958328125 0.2578125 0.30078125 0.2587890625 0.3229166671875 0.26171875 0.3059895828125 0.265625 0.3059895828125 0.2685546875 0.3177083328125 0.2724609375 0.3046875 0.275390625 0.3294270828125 0.279296875 0.33203125 0.28125 0.3033854171875 0.287109375 0.29296875 0.287109375 0.2825520828125 0.2783203125 0.2682291671875 0.2587890625 0.265625 0.251953125 0.27734375
3 0.39453125 0.2825520828125 0.39453125 0.29296875 0.3984375 0.3033854171875 0.3984375 0.3216145828125 0.4013671875 0.3229166671875 0.4052734375 0.3151041671875 0.40625 0.3294270828125 0.41015625 0.33203125 0.4140625 0.3111979171875 0.419921875 0.3033854171875 0.419921875 0.28515625 0.4130859375 0.2708333328125 0.4033203125 0.2682291671875 0.39453125 0.2825520828125
3 0.3701171875 0.265625 0.361328125 0.2877604171875 0.3662109375 0.3098958328125 0.3701171875 0.296875 0.37109375 0.3033854171875 0.380859375 0.3111979171875 0.3828125 0.30078125 0.3876953125 0.3046875 0.392578125 0.2955729171875 0.392578125 0.2799479171875 0.3818359375 0.2630208328125 0.3701171875 0.265625
3 0.4033203125 0.2578125 0.38671875 0.26171875 0.39453125 0.2825520828125 0.408203125 0.2669270828125 0.4033203125 0.2578125
3 0.427734375 0.31640625 0.435546875 0.2721354171875 0.4306640625 0.2604166671875 0.4150390625 0.2578125 0.41015625 0.2669270828125 0.41796875 0.27734375 0.427734375 0.31640625
3 0.552734375 0.3424479171875 0.55078125 0.3190104171875 0.5439453125 0.3098958328125 0.5263671875 0.3020833328125 0.4931640625 0.3098958328125 0.48828125 0.31640625 0.48828125 0.33203125 0.50390625 0.3294270828125 0.5078125 0.3424479171875 0.501953125 0.3658854171875 0.505859375 0.3658854171875 0.5107421875 0.3489583328125 0.517578125 0.3580729171875 0.5185546875 0.3463541671875 0.5283203125 0.3489583328125 0.5419921875 0.3619791671875 0.552734375 0.3424479171875
3 0.556640625 0.30859375 0.5673828125 0.2994791671875 0.568359375 0.3111979171875 0.5751953125 0.3151041671875 0.57421875 0.3059895828125 0.5830078125 0.3020833328125 0.58203125 0.3190104171875 0.587890625 0.3216145828125 0.595703125 0.2877604171875 0.59375 0.2747395828125 0.5888671875 0.2682291671875 0.5654296875 0.2734375 0.556640625 0.2903645828125 0.556640625 0.30859375
3 0.478515625 0.27734375 0.48828125 0.28515625 0.494140625 0.2799479171875 0.49609375 0.2565104171875 0.4931640625 0.24739583281250002 0.482421875 0.2513020828125 0.478515625 0.26953125 0.478515625 0.27734375
3 0.46484375 0.28515625 0.46875 0.25390625 0.4638671875 0.24479166718749998 0.4580078125 0.24479166718749998 0.453125 0.2565104171875 0.455078125 0.2825520828125 0.46484375 0.28515625
3 0.44921875 0.27734375 0.458984375 0.24609375 0.4541015625 0.23697916718749998 0.4462890625 0.23958333281250002 0.443359375 0.24609375 0.4453125 0.2747395828125 0.44921875 0.27734375
3 0.4453125 0.24348958281250002 0.4345703125 0.23697916718749998 0.4296875 0.25390625 0.43359375 0.26953125 0.439453125 0.2721354171875 0.4453125 0.24348958281250002
3 0.41015625 0.2643229171875 0.4150390625 0.2578125 0.4296875 0.2565104171875 0.4189453125 0.23697916718749998 0.3994140625 0.23958333281250002 0.390625 0.25390625 0.41015625 0.2643229171875
3 0.349609375 0.2825520828125 0.35546875 0.28515625 0.361328125 0.2825520828125 0.365234375 0.24869791718749998 0.3603515625 0.2421875 0.3486328125 0.2421875 0.34375 0.2643229171875 0.349609375 0.2825520828125
3 0.3046875 0.2799479171875 0.3154296875 0.2864583328125 0.3212890625 0.2760416671875 0.328125 0.28515625 0.33203125 0.2825520828125 0.330078125 0.2513020828125 0.3212890625 0.23958333281250002 0.3134765625 0.2421875 0.3046875 0.25390625 0.3046875 0.2799479171875
3 0.294921875 0.24609375 0.291015625 0.2669270828125 0.298828125 0.27734375 0.306640625 0.2513020828125 0.3154296875 0.2421875 0.3212890625 0.2421875 0.3193359375 0.23697916718749998 0.3017578125 0.23697916718749998 0.294921875 0.24609375
3 0.24609375 0.2643229171875 0.2412109375 0.2578125 0.2392578125 0.2578125 0.2373046875 0.2552083328125 0.2216796875 0.2552083328125 0.2197265625 0.2578125 0.2177734375 0.2578125 0.212890625 0.2669270828125 0.212890625 0.2799479171875 0.220703125 0.2903645828125 0.220703125 0.30078125 0.21875 0.3033854171875 0.21875 0.3059895828125 0.2197265625 0.3072916671875 0.22265625 0.3059895828125 0.22265625 0.30078125 0.2265625 0.2955729171875 0.2265625 0.2903645828125 0.2275390625 0.2890625 0.2333984375 0.2890625 0.236328125 0.29296875 0.236328125 0.30078125 0.2333984375 0.3046875 0.2314453125 0.3046875 0.2294921875 0.3020833328125 0.228515625 0.3059895828125 0.2333984375 0.3125 0.23828125 0.3059895828125 0.23828125 0.30078125 0.2412109375 0.2994791671875 0.2421875 0.30078125 0.2421875 0.3138020828125 0.2431640625 0.3151041671875 0.244140625 0.3138020828125 0.24609375 0.3111979171875 0.24609375 0.2877604171875 0.25 0.2825520828125 0.25 0.2747395828125 0.248046875 0.2721354171875 0.24609375 0.2643229171875
3 0.212890625 0.2669270828125 0.2109375 0.2643229171875 0.2109375 0.26171875 0.2041015625 0.2526041671875 0.1865234375 0.2526041671875 0.1845703125 0.2552083328125 0.1826171875 0.2552083328125 0.1796875 0.26171875 0.1796875 0.27734375 0.181640625 0.2799479171875 0.18359375 0.2877604171875 0.1865234375 0.2916666671875 0.1884765625 0.2916666671875 0.1943359375 0.2994791671875 0.1962890625 0.2994791671875 0.19921875 0.2955729171875 0.201171875 0.2877604171875 0.2041015625 0.2864583328125 0.20703125 0.29296875 0.20703125 0.3033854171875 0.2080078125 0.3046875 0.208984375 0.3033854171875 0.2109375 0.30078125 0.2109375 0.2955729171875 0.216796875 0.2877604171875 0.216796875 0.28515625 0.212890625 0.27734375 0.212890625 0.2669270828125
3 0.26953125 0.2591145828125 0.26953125 0.2565104171875 0.267578125 0.25390625 0.267578125 0.24869791718749998 0.265625 0.24609375 0.265625 0.24348958281250002 0.2646484375 0.2421875 0.2607421875 0.2421875 0.2587890625 0.23958333281250002 0.2529296875 0.23958333281250002 0.248046875 0.24609375 0.248046875 0.24869791718749998 0.24609375 0.2513020828125 0.24609375 0.2591145828125 0.248046875 0.26171875 0.248046875 0.26953125 0.25 0.2721354171875 0.25 0.2747395828125 0.2509765625 0.2760416671875 0.2529296875 0.2760416671875 0.25390625 0.2747395828125 0.25390625 0.2721354171875 0.2587890625 0.265625 0.2666015625 0.265625 0.267578125 0.2643229171875 0.267578125 0.26171875 0.26953125 0.2591145828125
3 0.2666015625 0.23177083281250002 0.2626953125 0.23177083281250002 0.2607421875 0.234375 0.2587890625 0.234375 0.255859375 0.23828125 0.2587890625 0.2421875 0.2626953125 0.2421875 0.267578125 0.24869791718749998 0.267578125 0.2565104171875 0.2705078125 0.2604166671875 0.2763671875 0.2604166671875 0.27734375 0.26171875 0.27734375 0.2669270828125 0.2802734375 0.2708333328125 0.2822265625 0.2708333328125 0.283203125 0.26953125 0.283203125 0.26171875 0.287109375 0.2565104171875 0.287109375 0.24348958281250002 0.2802734375 0.234375 0.2685546875 0.234375 0.2666015625 0.23177083281250002
3 0.306640625 0.22526041718749998 0.306640625 0.22005208281250002 0.3037109375 0.21614583281250002 0.3017578125 0.21614583281250002 0.2978515625 0.2109375 0.2939453125 0.2109375 0.2919921875 0.20833333281250002 0.2861328125 0.20833333281250002 0.28125 0.21484375 0.28125 0.22005208281250002 0.283203125 0.22265625 0.283203125 0.22786458281250002 0.28515625 0.23046875 0.28515625 0.23567708281250002 0.2890625 0.24088541718749998 0.2890625 0.24609375 0.2900390625 0.24739583281250002 0.2939453125 0.24739583281250002 0.294921875 0.24609375 0.294921875 0.24348958281250002 0.2978515625 0.23958333281250002 0.2998046875 0.23958333281250002 0.3046875 0.23307291718749998 0.3046875 0.22786458281250002 0.306640625 0.22526041718749998
3 0.1796875 0.2669270828125 0.1796875 0.2565104171875 0.177734375 0.25390625 0.177734375 0.24869791718749998 0.1728515625 0.2421875 0.1650390625 0.2421875 0.1630859375 0.23958333281250002 0.1611328125 0.2421875 0.1572265625 0.2421875 0.154296875 0.24609375 0.154296875 0.2747395828125 0.15625 0.27734375 0.15625 0.2799479171875 0.162109375 0.2877604171875 0.1630859375 0.2916666671875 0.1650390625 0.2916666671875 0.1708984375 0.2994791671875 0.173828125 0.2981770828125 0.173828125 0.2903645828125 0.17578125 0.2877604171875 0.17578125 0.2825520828125 0.177734375 0.2799479171875 0.177734375 0.26953125 0.1796875 0.2669270828125
3 0.154296875 0.24609375 0.1455078125 0.234375 0.1435546875 0.234375 0.1416015625 0.23177083281250002 0.1318359375 0.23177083281250002 0.1279296875 0.23697916718749998 0.125 0.23828125 0.125 0.24348958281250002 0.123046875 0.24609375 0.123046875 0.2643229171875 0.126953125 0.2721354171875 0.12890625 0.2799479171875 0.1318359375 0.2838541671875 0.1357421875 0.2786458328125 0.1376953125 0.2786458328125 0.142578125 0.2825520828125 0.142578125 0.2903645828125 0.1435546875 0.2916666671875 0.146484375 0.2903645828125 0.1484375 0.2877604171875 0.1484375 0.2747395828125 0.150390625 0.2721354171875 0.150390625 0.26953125 0.154296875 0.2643229171875 0.154296875 0.24609375
3 0.1220703125 0.23177083281250002 0.1201171875 0.23177083281250002 0.1142578125 0.2265625 0.1083984375 0.2265625 0.103515625 0.23307291718749998 0.103515625 0.24348958281250002 0.10546875 0.24609375 0.10546875 0.2565104171875 0.109375 0.26171875 0.109375 0.2643229171875 0.1123046875 0.2682291671875 0.1142578125 0.2682291671875 0.115234375 0.26953125 0.115234375 0.2747395828125 0.1181640625 0.2786458328125 0.1201171875 0.2786458328125 0.12109375 0.27734375 0.12109375 0.2669270828125 0.123046875 0.2643229171875 0.123046875 0.24088541718749998 0.125 0.23828125 0.125 0.23567708281250002 0.1220703125 0.23177083281250002
3 0.103515625 0.23567708281250002 0.10546875 0.23307291718749998 0.10546875 0.22786458281250002 0.103515625 0.22526041718749998 0.103515625 0.22265625 0.0986328125 0.21614583281250002 0.0947265625 0.21614583281250002 0.0927734375 0.21354166718749998 0.0908203125 0.21614583281250002 0.0888671875 0.21614583281250002 0.083984375 0.22265625 0.083984375 0.22526041718749998 0.08203125 0.22786458281250002 0.08203125 0.23567708281250002 0.083984375 0.23828125 0.083984375 0.24348958281250002 0.087890625 0.2513020828125 0.087890625 0.2565104171875 0.08984375 0.2591145828125 0.08984375 0.26171875 0.0908203125 0.2630208328125 0.0927734375 0.2630208328125 0.0947265625 0.2578125 0.095703125 0.2591145828125 0.095703125 0.2643229171875 0.0986328125 0.2682291671875 0.1005859375 0.2682291671875 0.1015625 0.2669270828125 0.103515625 0.2643229171875 0.103515625 0.24869791718749998 0.10546875 0.24609375 0.10546875 0.24348958281250002 0.103515625 0.24088541718749998 0.103515625 0.23567708281250002
3 0 0.25390625 0.005859375 0.26171875 0.005859375 0.26953125 0.0078125 0.2721354171875 0.0078125 0.2747395828125 0.0087890625 0.2760416671875 0.0166015625 0.2760416671875 0.017578125 0.2747395828125 0.01953125 0.2721354171875 0.01953125 0.2591145828125 0.021484375 0.2565104171875 0.021484375 0.2513020828125 0.0234375 0.24869791718749998 0.021484375 0.24609375 0.021484375 0.23828125 0.01953125 0.23567708281250002 0.01953125 0.23307291718749998 0.017578125 0.23046875 0.017578125 0.22786458281250002 0.0166015625 0.2265625 0.0146484375 0.2265625 0.0126953125 0.22395833281250002 0.0048828125 0.22395833281250002 0.0029296875 0.22135416718749998 0.0009765625 0.22135416718749998 0 0.22265625 0 0.25390625
3 0.068359375 0.21223958281250002 0.068359375 0.20703125 0.0673828125 0.20572916718749998 0.0654296875 0.20572916718749998 0.0634765625 0.203125 0.0576171875 0.203125 0.0556640625 0.20572916718749998 0.0537109375 0.20572916718749998 0.05078125 0.20963541718749998 0.05078125 0.23046875 0.052734375 0.23307291718749998 0.052734375 0.23828125 0.0537109375 0.23958333281250002 0.0556640625 0.23958333281250002 0.0595703125 0.24479166718749998 0.0634765625 0.24479166718749998 0.0654296875 0.24739583281250002 0.0693359375 0.24739583281250002 0.0703125 0.24609375 0.0703125 0.22786458281250002 0.072265625 0.22526041718749998 0.072265625 0.22265625 0.0703125 0.22005208281250002 0.0703125 0.21484375 0.068359375 0.21223958281250002
3 0.0361328125 0.1979166671875 0.033203125 0.20182291718749998 0.033203125 0.20442708281250002 0.03125 0.20703125 0.03125 0.21484375 0.03515625 0.22005208281250002 0.03515625 0.22265625 0.037109375 0.22526041718749998 0.037109375 0.22786458281250002 0.0390625 0.23046875 0.0390625 0.23307291718749998 0.0439453125 0.23958333281250002 0.0458984375 0.23958333281250002 0.046875 0.23828125 0.05078125 0.23307291718749998 0.05078125 0.20442708281250002 0.0478515625 0.20052083281250002 0.0458984375 0.20052083281250002 0.0439453125 0.1979166671875 0.0361328125 0.1979166671875
3 0.0322265625 0.21614583281250002 0.0302734375 0.21614583281250002 0.0283203125 0.21354166718749998 0.0166015625 0.21354166718749998 0.013671875 0.21744791718749998 0.013671875 0.22526041718749998 0.017578125 0.22786458281250002 0.017578125 0.23046875 0.021484375 0.23828125 0.021484375 0.24609375 0.0234375 0.24869791718749998 0.0234375 0.2591145828125 0.0244140625 0.2604166671875 0.0263671875 0.2604166671875 0.02734375 0.2591145828125 0.02734375 0.2513020828125 0.0283203125 0.25 0.03125 0.25390625 0.03125 0.26171875 0.0322265625 0.2630208328125 0.0341796875 0.2630208328125 0.03515625 0.26171875 0.03515625 0.24088541718749998 0.0390625 0.23307291718749998 0.0390625 0.23046875 0.037109375 0.22786458281250002 0.037109375 0.22265625 0.0322265625 0.21614583281250002
3 0.240234375 0.23046875 0.23828125 0.22786458281250002 0.23828125 0.22005208281250002 0.2353515625 0.21614583281250002 0.2333984375 0.21614583281250002 0.2314453125 0.21354166718749998 0.2236328125 0.21354166718749998 0.21875 0.22005208281250002 0.21875 0.24348958281250002 0.2216796875 0.24739583281250002 0.2236328125 0.24739583281250002 0.2255859375 0.25 0.2275390625 0.25 0.2294921875 0.2526041671875 0.2314453125 0.2526041671875 0.232421875 0.2513020828125 0.234375 0.24869791718749998 0.234375 0.24609375 0.2373046875 0.2421875 0.2392578125 0.2421875 0.240234375 0.24088541718749998 0.240234375 0.23046875
3 0.255859375 0.20963541718749998 0.255859375 0.20703125 0.2529296875 0.203125 0.2470703125 0.203125 0.244140625 0.20703125 0.244140625 0.20963541718749998 0.2421875 0.21223958281250002 0.2421875 0.22265625 0.244140625 0.22526041718749998 0.244140625 0.22786458281250002 0.24609375 0.23046875 0.24609375 0.23307291718749998 0.2509765625 0.23958333281250002 0.2529296875 0.23958333281250002 0.25390625 0.23828125 0.25390625 0.23307291718749998 0.255859375 0.23046875 0.255859375 0.22526041718749998 0.2578125 0.22265625 0.2578125 0.21223958281250002 0.255859375 0.20963541718749998
3 0.1474609375 0.2109375 0.1455078125 0.20833333281250002 0.1396484375 0.20833333281250002 0.13671875 0.21223958281250002 0.13671875 0.22265625 0.138671875 0.22526041718749998 0.138671875 0.23046875 0.1396484375 0.23177083281250002 0.1416015625 0.23177083281250002 0.1435546875 0.234375 0.1455078125 0.234375 0.1474609375 0.23697916718749998 0.1494140625 0.23697916718749998 0.150390625 0.23567708281250002 0.154296875 0.23046875 0.154296875 0.22005208281250002 0.15234375 0.21744791718749998 0.15234375 0.21484375 0.1494140625 0.2109375 0.1474609375 0.2109375
3 0.107421875 0.22526041718749998 0.107421875 0.22786458281250002 0.1083984375 0.22916666718749998 0.1162109375 0.22916666718749998 0.1181640625 0.23177083281250002 0.1201171875 0.23177083281250002 0.1240234375 0.23697916718749998 0.1259765625 0.23697916718749998 0.126953125 0.23567708281250002 0.130859375 0.23046875 0.12890625 0.22786458281250002 0.12890625 0.22526041718749998 0.1240234375 0.21875 0.1123046875 0.21875 0.107421875 0.22526041718749998
3 0.2080078125 0.2109375 0.20703125 0.21223958281250002 0.20703125 0.23828125 0.208984375 0.24088541718749998 0.208984375 0.24609375 0.2099609375 0.24739583281250002 0.2158203125 0.24739583281250002 0.216796875 0.24609375 0.21875 0.24348958281250002 0.21875 0.21223958281250002 0.2158203125 0.20833333281250002 0.2119140625 0.20833333281250002 0.2099609375 0.2109375 0.2080078125 0.2109375
3 0.1953125 0.23307291718749998 0.2021484375 0.2421875 0.2060546875 0.2421875 0.20703125 0.24088541718749998 0.20703125 0.21484375 0.208984375 0.21223958281250002 0.2041015625 0.20572916718749998 0.1962890625 0.20572916718749998 0.1953125 0.20703125 0.1953125 0.23307291718749998
3 0.2392578125 0.20572916718749998 0.2373046875 0.20833333281250002 0.2333984375 0.203125 0.2314453125 0.203125 0.2294921875 0.20572916718749998 0.2216796875 0.20572916718749998 0.220703125 0.20703125 0.220703125 0.21484375 0.2216796875 0.21614583281250002 0.2236328125 0.21354166718749998 0.2314453125 0.21354166718749998 0.23828125 0.22265625 0.23828125 0.22786458281250002 0.2392578125 0.22916666718749998 0.240234375 0.22786458281250002 0.2421875 0.22526041718749998 0.2421875 0.21744791718749998 0.240234375 0.21484375 0.2421875 0.21223958281250002 0.2421875 0.20963541718749998 0.2392578125 0.20572916718749998
3 0.181640625 0.20442708281250002 0.1796875 0.20703125 0.1796875 0.23307291718749998 0.1806640625 0.234375 0.1826171875 0.234375 0.1845703125 0.23697916718749998 0.1865234375 0.23697916718749998 0.1884765625 0.23958333281250002 0.1904296875 0.23958333281250002 0.19140625 0.23828125 0.1953125 0.23567708281250002 0.1953125 0.20442708281250002 0.1923828125 0.20052083281250002 0.1826171875 0.20052083281250002 0.181640625 0.20182291718749998 0.181640625 0.20442708281250002
3 0 0.20963541718749998 0.0009765625 0.2109375 0.0048828125 0.2109375 0.0068359375 0.21354166718749998 0.0087890625 0.21354166718749998 0.0107421875 0.21614583281250002 0.0126953125 0.21614583281250002 0.013671875 0.21484375 0.017578125 0.20963541718749998 0.017578125 0.1966145828125 0.0146484375 0.1927083328125 0.0126953125 0.1927083328125 0.0107421875 0.1901041671875 0.0087890625 0.1901041671875 0.0068359375 0.1875 0.0009765625 0.1875 0 0.1888020828125 0 0.20963541718749998
3 0.08203125 0.21744791718749998 0.08203125 0.21484375 0.0771484375 0.20833333281250002 0.0693359375 0.20833333281250002 0.068359375 0.20963541718749998 0.068359375 0.21223958281250002 0.0703125 0.21484375 0.0703125 0.23046875 0.076171875 0.23828125 0.076171875 0.24348958281250002 0.0771484375 0.24479166718749998 0.0791015625 0.24479166718749998 0.080078125 0.24348958281250002 0.080078125 0.23828125 0.08203125 0.23567708281250002 0.08203125 0.22526041718749998 0.083984375 0.22265625 0.083984375 0.22005208281250002 0.08203125 0.21744791718749998
3 0.0966796875 0.203125 0.09375 0.20703125 0.09375 0.21223958281250002 0.0947265625 0.21354166718749998 0.0966796875 0.21354166718749998 0.0986328125 0.21614583281250002 0.1005859375 0.21614583281250002 0.10546875 0.22265625 0.10546875 0.22526041718749998 0.1064453125 0.2265625 0.1083984375 0.2265625 0.109375 0.22526041718749998 0.111328125 0.22265625 0.111328125 0.22005208281250002 0.11328125 0.21744791718749998 0.11328125 0.20703125 0.1103515625 0.203125 0.0966796875 0.203125