3 0.65625 0.5377604171875 0.662109375 0.5403645828125 0.66015625 0.5143229171875 0.66796875 0.50390625 0.669921875 0.4934895828125 0.671875 0.4466145828125 0.658203125 0.4153645828125 0.6484375 0.3736979171875 0.650390625 0.34765625 0.6533203125 0.3411458328125 0.6572265625 0.34375 0.658203125 0.3372395828125 0.6455078125 0.3046875 0.6259765625 0.3046875 0.62109375 0.3138020828125 0.626953125 0.33984375 0.625 0.36328125 0.607421875 0.3971354171875 0.60546875 0.4361979171875 0.59765625 0.4622395828125 0.591796875 0.4674479171875 0.5986328125 0.4739583328125 0.6064453125 0.4661458328125 0.6171875 0.48828125 0.611328125 0.5481770828125 0.59765625 0.5768229171875 0.599609375 0.5846354171875 0.603515625 0.5846354171875 0.619140625 0.5638020828125 0.625 0.54296875 0.623046875 0.5325520828125 0.6337890625 0.5208333328125 0.6494140625 0.5208333328125 0.65625 0.5377604171875
3 0.544921875 0.1731770828125 0.5400390625 0.1640625 0.5283203125 0.1640625 0.521484375 0.1809895828125 0.51953125 0.24609375 0.505859375 0.29296875 0.505859375 0.3606770828125 0.498046875 0.38671875 0.5029296875 0.3880208328125 0.509765625 0.37890625 0.515625 0.36328125 0.515625 0.3502604171875 0.5205078125 0.34375 0.529296875 0.3606770828125 0.5078125 0.4153645828125 0.5087890625 0.421875 0.5166015625 0.421875 0.53125 0.37890625 0.5498046875 0.359375 0.552734375 0.3815104171875 0.548828125 0.4309895828125 0.5546875 0.4309895828125 0.564453125 0.32421875 0.560546875 0.31640625 0.560546875 0.28515625 0.556640625 0.26953125 0.5390625 0.22526041718749998 0.544921875 0.1731770828125
3 0.607421875 0.3059895828125 0.6015625 0.2747395828125 0.587890625 0.23567708281250002 0.587890625 0.22005208281250002 0.59765625 0.1940104171875 0.59765625 0.1731770828125 0.5869140625 0.1614583328125 0.5791015625 0.1640625 0.5703125 0.1783854171875 0.568359375 0.21744791718749998 0.552734375 0.25390625 0.560546875 0.2825520828125 0.564453125 0.3216145828125 0.56640625 0.37109375 0.560546875 0.3815104171875 0.5625 0.3919270828125 0.5712890625 0.375 0.5771484375 0.3828125 0.59765625 0.3841145828125 0.58984375 0.3658854171875 0.599609375 0.35546875 0.607421875 0.3059895828125
3 0.650390625 0.2799479171875 0.634765625 0.24348958281250002 0.634765625 0.23046875 0.650390625 0.20963541718749998 0.646484375 0.19140625 0.6416015625 0.1875 0.630859375 0.19140625 0.6328125 0.20703125 0.625 0.21484375 0.61328125 0.24348958281250002 0.609375 0.3268229171875 0.61328125 0.3450520828125 0.619140625 0.3450520828125 0.623046875 0.3424479171875 0.619140625 0.3138020828125 0.6259765625 0.3046875 0.6396484375 0.3020833328125 0.650390625 0.30859375 0.650390625 0.2799479171875
3 0.603515625 0.1471354171875 0.5986328125 0.1380208328125 0.5908203125 0.1354166671875 0.578125 0.15234375 0.578125 0.16015625 0.5927734375 0.1640625 0.599609375 0.1783854171875 0.587890625 0.22005208281250002 0.587890625 0.23567708281250002 0.603515625 0.2903645828125 0.609375 0.2955729171875 0.61328125 0.2825520828125 0.61328125 0.22526041718749998 0.60546875 0.21223958281250002 0.6015625 0.19140625 0.60546875 0.1783854171875 0.603515625 0.1471354171875
3 0.5966796875 0.1015625 0.58984375 0.11328125 0.58984375 0.12890625 0.603515625 0.1471354171875 0.6015625 0.1888020828125 0.607421875 0.21744791718749998 0.615234375 0.22526041718749998 0.62109375 0.19921875 0.62109375 0.1627604171875 0.611328125 0.13671875 0.611328125 0.1080729171875 0.6064453125 0.1015625 0.5966796875 0.1015625
3 0.583984375 0.08984375 0.5732421875 0.0703125 0.5634765625 0.0703125 0.5546875 0.07942708281250001 0.55859375 0.1393229171875 0.5546875 0.15234375 0.560546875 0.1809895828125 0.56640625 0.1861979171875 0.5859375 0.1419270828125 0.5703125 0.11328125 0.5732421875 0.09895833281250001 0.5791015625 0.1041666671875 0.5859375 0.1028645828125 0.583984375 0.08984375
3 0.5498046875 0.1041666671875 0.5419921875 0.1041666671875 0.533203125 0.1236979171875 0.541015625 0.1653645828125 0.544921875 0.1705729171875 0.5390625 0.22265625 0.552734375 0.24869791718749998 0.56640625 0.22005208281250002 0.56640625 0.1940104171875 0.552734375 0.15234375 0.55859375 0.1419270828125 0.556640625 0.1158854171875 0.5498046875 0.1041666671875
3 0.51953125 0.09505208281250001 0.525390625 0.06119791718749999 0.5146484375 0.0494791671875 0.5 0.06640625 0.50390625 0.07942708281250001 0.4921875 0.1184895828125 0.50390625 0.1393229171875 0.498046875 0.1471354171875 0.49609375 0.1731770828125 0.505859375 0.1966145828125 0.517578125 0.20703125 0.51953125 0.1966145828125 0.515625 0.1888020828125 0.5283203125 0.1640625 0.5390625 0.1627604171875 0.5390625 0.1497395828125 0.51953125 0.09505208281250001
3 0.5 0.13671875 0.4892578125 0.1171875 0.4814453125 0.1171875 0.47265625 0.1341145828125 0.474609375 0.1731770828125 0.470703125 0.1809895828125 0.470703125 0.22265625 0.466796875 0.23567708281250002 0.466796875 0.2513020828125 0.47265625 0.2643229171875 0.45703125 0.3346354171875 0.466796875 0.33203125 0.474609375 0.3138020828125 0.4765625 0.2955729171875 0.4833984375 0.2916666671875 0.4921875 0.2981770828125 0.48828125 0.33203125 0.484375 0.3372395828125 0.484375 0.3450520828125 0.48828125 0.3450520828125 0.515625 0.26171875 0.517578125 0.22786458281250002 0.505859375 0.20182291718749998 0.505859375 0.1940104171875 0.49609375 0.1783854171875 0.5 0.13671875
3 0.44921875 0.1236979171875 0.455078125 0.07421875 0.4345703125 0.06510416718749999 0.419921875 0.08984375 0.4296875 0.11328125 0.4296875 0.1315104171875 0.42578125 0.1549479171875 0.416015625 0.17578125 0.416015625 0.20703125 0.42578125 0.23046875 0.42578125 0.26953125 0.41796875 0.30078125 0.4248046875 0.3072916671875 0.4345703125 0.2838541671875 0.439453125 0.3033854171875 0.443359375 0.3059895828125 0.447265625 0.2981770828125 0.4453125 0.2799479171875 0.455078125 0.26953125 0.46875 0.23046875 0.470703125 0.1861979171875 0.44921875 0.1236979171875
3 0.41796875 0.09765625 0.421875 0.08723958281250001 0.41796875 0.06119791718749999 0.42578125 0.0377604171875 0.421875 0.01171875 0.42578125 0.006510417187500001 0.4248046875 0 0.419921875 0.0013020828125 0.4208984375 0.0078125 0.4150390625 0 0.400390625 0.0013020828125 0.392578125 0.02734375 0.396484375 0.0455729171875 0.375 0.10546875 0.376953125 0.16015625 0.373046875 0.1861979171875 0.3759765625 0.1927083328125 0.3818359375 0.1744791671875 0.3876953125 0.1822916671875 0.40625 0.19140625 0.3984375 0.22526041718749998 0.3984375 0.23567708281250002 0.404296875 0.23567708281250002 0.40625 0.21744791718749998 0.416015625 0.1888020828125 0.416015625 0.17578125 0.427734375 0.1419270828125 0.427734375 0.1106770828125 0.41796875 0.09765625
3 0.3701171875 0 0.369140625 0.014322917187500001 0.361328125 0.0221354171875 0.3515625 0.0455729171875 0.345703125 0.1627604171875 0.3515625 0.16015625 0.3515625 0.1393229171875 0.35546875 0.1106770828125 0.3583984375 0.109375 0.35546875 0.1393229171875 0.359375 0.15234375 0.35546875 0.16796875 0.361328125 0.16796875 0.376953125 0.09765625 0.390625 0.06380208281250001 0.384765625 0.0221354171875 0.3876953125 0 0.3701171875 0
3 0.326171875 0.1315104171875 0.31640625 0.1809895828125 0.31640625 0.1888020828125 0.3232421875 0.1927083328125 0.33203125 0.14453125 0.34765625 0.10546875 0.345703125 0.0455729171875 0.349609375 0.01171875 0.3427734375 0.0052083328125 0.330078125 0.009114582812499999 0.326171875 0.0299479171875 0.31640625 0.0403645828125 0.3046875 0.07161458281250001 0.302734375 0.20442708281250002 0.306640625 0.20442708281250002 0.310546875 0.1966145828125 0.310546875 0.16796875 0.31640625 0.1549479171875 0.31640625 0.1315104171875 0.3193359375 0.1276041671875 0.326171875 0.1315104171875
3 0.4677734375 0.0338541671875 0.4599609375 0.0338541671875 0.455078125 0.0403645828125 0.451171875 0.06119791718749999 0.458984375 0.07942708281250001 0.4609375 0.10546875 0.451171875 0.1184895828125 0.451171875 0.1315104171875 0.4609375 0.1627604171875 0.4697265625 0.1770833328125 0.47265625 0.17578125 0.474609375 0.16015625 0.470703125 0.13671875 0.482421875 0.1106770828125 0.47265625 0.09244791718749999 0.474609375 0.0455729171875 0.4677734375 0.0338541671875
3 0.470703125 0.21484375 0.46875 0.1783854171875 0.451171875 0.1341145828125 0.453125 0.10546875 0.458984375 0.1028645828125 0.458984375 0.08463541718749999 0.443359375 0.0455729171875 0.443359375 0.0325520828125 0.44921875 0.01953125 0.4462890625 0 0.431640625 0.0013020828125 0.4296875 0.0377604171875 0.41796875 0.09505208281250001 0.427734375 0.1080729171875 0.427734375 0.1419270828125 0.4140625 0.1861979171875 0.41796875 0.21484375 0.42578125 0.23046875 0.42578125 0.2669270828125 0.41796875 0.29296875 0.41796875 0.30078125 0.42578125 0.3059895828125 0.4345703125 0.2916666671875 0.4404296875 0.3046875 0.4453125 0.3033854171875 0.447265625 0.28515625 0.453125 0.27734375 0.470703125 0.21484375
3 0.4658203125 0 0.462890625 0.0325520828125 0.474609375 0.0455729171875 0.47265625 0.09244791718749999 0.4853515625 0.1145833328125 0.4921875 0.1158854171875 0.5 0.09765625 0.5 0.07682291718749999 0.49609375 0.06119791718749999 0.48046875 0.0325520828125 0.484375 0.0013020828125 0.4658203125 0
3 0.5732421875 0.0260416671875 0.5654296875 0.0260416671875 0.556640625 0.05078125 0.55859375 0.07682291718749999 0.572265625 0.08203125 0.5703125 0.1158854171875 0.5791015625 0.1328125 0.587890625 0.1341145828125 0.58984375 0.10546875 0.576171875 0.06901041718749999 0.5771484375 0.05989583281250001 0.580078125 0.06640625 0.580078125 0.03515625 0.5732421875 0.0260416671875
3 0.53515625 0.03515625 0.525390625 0.06380208281250001 0.52734375 0.07421875 0.54296875 0.1002604171875 0.5546875 0.1028645828125 0.556640625 0.06640625 0.548828125 0.04296875 0.552734375 0.006510417187500001 0.5419921875 0.0026041671875 0.537109375 0.009114582812499999 0.53515625 0.03515625