3 0.720703125 0.5299479171875 0.7236328125 0.5338541671875 0.728515625 0.5299479171875 0.724609375 0.48828125 0.728515625 0.4778645828125 0.732421875 0.4309895828125 0.7265625 0.4075520828125 0.701171875 0.3684895828125 0.697265625 0.3450520828125 0.6904296875 0.3385416671875 0.6806640625 0.3385416671875 0.6728515625 0.34375 0.669921875 0.3528645828125 0.6787109375 0.3541666671875 0.6875 0.3684895828125 0.685546875 0.3997395828125 0.693359375 0.46484375 0.689453125 0.4856770828125 0.689453125 0.5221354171875 0.685546875 0.5325520828125 0.69140625 0.53515625 0.697265625 0.5169270828125 0.69921875 0.4908854171875 0.7060546875 0.4895833328125 0.7099609375 0.4791666671875 0.716796875 0.4908854171875 0.720703125 0.5299479171875
3 0.681640625 0.5065104171875 0.69140625 0.48046875 0.69140625 0.4361979171875 0.68359375 0.3919270828125 0.6875 0.3684895828125 0.6787109375 0.3541666671875 0.6669921875 0.3541666671875 0.662109375 0.3606770828125 0.66015625 0.3763020828125 0.66796875 0.39453125 0.6484375 0.4309895828125 0.650390625 0.51171875 0.646484375 0.5481770828125 0.650390625 0.5481770828125 0.6591796875 0.4947916671875 0.6650390625 0.4947916671875 0.673828125 0.5065104171875 0.67578125 0.5455729171875 0.681640625 0.5455729171875 0.681640625 0.5065104171875
3 0.646484375 0.4778645828125 0.6484375 0.4466145828125 0.6259765625 0.4140625 0.6162109375 0.4088541671875 0.5966796875 0.4114583328125 0.5908203125 0.40625 0.583984375 0.41015625 0.583984375 0.41796875 0.603515625 0.4596354171875 0.607421875 0.4908854171875 0.615234375 0.50390625 0.611328125 0.5377604171875 0.619140625 0.5377604171875 0.626953125 0.5143229171875 0.623046875 0.5065104171875 0.623046875 0.4830729171875 0.6279296875 0.4817708328125 0.6318359375 0.4895833328125 0.646484375 0.4778645828125
3 0.595703125 0.3997395828125 0.5986328125 0.4114583328125 0.6162109375 0.4088541671875 0.6318359375 0.4192708328125 0.6416015625 0.4322916671875 0.6484375 0.43359375 0.66796875 0.39453125 0.6591796875 0.3776041671875 0.6298828125 0.3984375 0.6240234375 0.3828125 0.6083984375 0.3802083328125 0.595703125 0.3997395828125
3 0.58203125 0.41015625 0.591796875 0.3997395828125 0.5771484375 0.3802083328125 0.5693359375 0.3802083328125 0.5625 0.3919270828125 0.568359375 0.4231770828125 0.564453125 0.4466145828125 0.5703125 0.5299479171875 0.568359375 0.58203125 0.5732421875 0.5833333328125 0.578125 0.57421875 0.580078125 0.5325520828125 0.5849609375 0.5234375 0.59375 0.5325520828125 0.591796875 0.58984375 0.599609375 0.5924479171875 0.60546875 0.5611979171875 0.609375 0.5013020828125 0.607421875 0.48046875 0.59375 0.43359375 0.58203125 0.4153645828125 0.58203125 0.41015625
3 0.56640625 0.43359375 0.5625 0.39453125 0.552734375 0.3736979171875 0.55078125 0.34765625 0.5458984375 0.3411458328125 0.5322265625 0.3411458328125 0.52734375 0.3606770828125 0.5283203125 0.3671875 0.53515625 0.3658854171875 0.5390625 0.37890625 0.5390625 0.4049479171875 0.533203125 0.4361979171875 0.53515625 0.49609375 0.53125 0.52734375 0.53515625 0.52734375 0.5390625 0.5221354171875 0.541015625 0.4830729171875 0.5537109375 0.4791666671875 0.5576171875 0.4947916671875 0.5625 0.4830729171875 0.56640625 0.43359375
3 0.533203125 0.41796875 0.5185546875 0.3854166671875 0.5126953125 0.3854166671875 0.50390625 0.3997395828125 0.50390625 0.4075520828125 0.509765625 0.4127604171875 0.5078125 0.42578125 0.4912109375 0.4375 0.470703125 0.4674479171875 0.46875 0.4778645828125 0.474609375 0.5013020828125 0.46875 0.5533854171875 0.4765625 0.5559895828125 0.4765625 0.5325520828125 0.4873046875 0.5052083328125 0.490234375 0.5091145828125 0.4921875 0.5533854171875 0.4970703125 0.5625 0.50390625 0.5611979171875 0.5 0.54296875 0.501953125 0.52734375 0.513671875 0.4986979171875 0.529296875 0.48046875 0.533203125 0.46484375 0.533203125 0.41796875
3 0.505859375 0.36328125 0.5078125 0.3346354171875 0.4990234375 0.3255208328125 0.48828125 0.33203125 0.484375 0.3528645828125 0.490234375 0.3658854171875 0.46484375 0.4127604171875 0.4609375 0.4466145828125 0.462890625 0.45703125 0.47265625 0.4622395828125 0.4912109375 0.4375 0.505859375 0.42578125 0.5 0.4153645828125 0.5 0.3971354171875 0.484375 0.38671875 0.505859375 0.36328125
3 0.455078125 0.51171875 0.455078125 0.4856770828125 0.462890625 0.4622395828125 0.4609375 0.44140625 0.46484375 0.4127604171875 0.46875 0.3997395828125 0.478515625 0.3893229171875 0.482421875 0.3424479171875 0.4775390625 0.3385416671875 0.46484375 0.3424479171875 0.46484375 0.37109375 0.427734375 0.4153645828125 0.421875 0.4361979171875 0.423828125 0.4622395828125 0.435546875 0.4934895828125 0.4375 0.53515625 0.443359375 0.53515625 0.443359375 0.5065104171875 0.4462890625 0.5026041671875 0.44921875 0.51953125 0.4541015625 0.5260416671875 0.458984375 0.5247395828125 0.455078125 0.51171875
3 0.4169921875 0.4635416671875 0.421875 0.4596354171875 0.423828125 0.42578125 0.4296875 0.41015625 0.451171875 0.3893229171875 0.4609375 0.3684895828125 0.4580078125 0.359375 0.4443359375 0.3567708328125 0.4375 0.36328125 0.4345703125 0.3984375 0.4189453125 0.4036458328125 0.3759765625 0.4036458328125 0.361328125 0.41796875 0.3515625 0.44140625 0.353515625 0.45703125 0.36328125 0.4674479171875 0.357421875 0.5065104171875 0.3623046875 0.515625 0.3701171875 0.515625 0.380859375 0.5247395828125 0.3828125 0.5169270828125 0.37890625 0.51171875 0.376953125 0.4934895828125 0.384765625 0.4700520828125 0.3896484375 0.4635416671875 0.4169921875 0.4635416671875
3 0.375 0.3919270828125 0.3779296875 0.4036458328125 0.421875 0.40234375 0.435546875 0.3971354171875 0.4365234375 0.3776041671875 0.4169921875 0.3802083328125 0.3955078125 0.3645833328125 0.3828125 0.3658854171875 0.375 0.3919270828125
3 0.349609375 0.38671875 0.345703125 0.4127604171875 0.3525390625 0.4140625 0.3564453125 0.4088541671875 0.3671875 0.4127604171875 0.375 0.40234375 0.375 0.3763020828125 0.3828125 0.3684895828125 0.3818359375 0.3645833328125 0.3544921875 0.375 0.349609375 0.38671875
3 0.376953125 0.34765625 0.369140625 0.3580729171875 0.384765625 0.3606770828125 0.400390625 0.3450520828125 0.40234375 0.3372395828125 0.3974609375 0.328125 0.3798828125 0.3255208328125 0.376953125 0.3294270828125 0.376953125 0.34765625
3 0.361328125 0.4153645828125 0.3583984375 0.4114583328125 0.3466796875 0.4140625 0.345703125 0.4049479171875 0.3515625 0.3815104171875 0.3564453125 0.375 0.3701171875 0.3723958328125 0.373046875 0.3658854171875 0.3701171875 0.3619791671875 0.3544921875 0.3697916671875 0.3193359375 0.3723958328125 0.30859375 0.3841145828125 0.298828125 0.4075520828125 0.306640625 0.4440104171875 0.3046875 0.47265625 0.3095703125 0.4791666671875 0.3125 0.4752604171875 0.3125 0.4544270828125 0.3232421875 0.4296875 0.330078125 0.44921875 0.326171875 0.46484375 0.3330078125 0.4791666671875 0.341796875 0.48046875 0.333984375 0.4596354171875 0.3359375 0.4388020828125 0.3408203125 0.4296875 0.3544921875 0.4296875 0.359375 0.4231770828125 0.361328125 0.4153645828125
3 0.5869140625 0.3098958328125 0.576171875 0.3268229171875 0.5791015625 0.3359375 0.591796875 0.33984375 0.5986328125 0.3619791671875 0.60546875 0.3606770828125 0.6015625 0.3580729171875 0.6044921875 0.3463541671875 0.6123046875 0.3463541671875 0.6171875 0.3502604171875 0.6181640625 0.3645833328125 0.6455078125 0.3619791671875 0.650390625 0.37109375 0.6552734375 0.3619791671875 0.666015625 0.35546875 0.6689453125 0.34375 0.6123046875 0.34375 0.5986328125 0.3098958328125 0.5869140625 0.3098958328125
3 0.572265625 0.3372395828125 0.5703125 0.3216145828125 0.5537109375 0.3151041671875 0.544921875 0.3268229171875 0.544921875 0.33984375 0.55078125 0.3450520828125 0.552734375 0.3580729171875 0.5556640625 0.3619791671875 0.5673828125 0.3567708328125 0.58203125 0.38671875 0.5908203125 0.3984375 0.595703125 0.3971354171875 0.6064453125 0.3802083328125 0.6171875 0.37890625 0.5986328125 0.3619791671875 0.5673828125 0.3463541671875 0.56640625 0.33984375 0.572265625 0.3372395828125
3 0.4609375 0.3190104171875 0.458984375 0.3372395828125 0.466796875 0.33984375 0.4794921875 0.3385416671875 0.484375 0.33203125 0.486328125 0.3190104171875 0.4794921875 0.3098958328125 0.4716796875 0.3072916671875 0.4609375 0.3190104171875
3 0.21484375 0.3763020828125 0.228515625 0.34765625 0.1884765625 0.34375 0.1826171875 0.3463541671875 0.169921875 0.3684895828125 0.16796875 0.38671875 0.1767578125 0.3984375 0.1884765625 0.3984375 0.193359375 0.4049479171875 0.1953125 0.43359375 0.2021484375 0.4505208328125 0.208984375 0.44921875 0.212890625 0.43359375 0.203125 0.4205729171875 0.203125 0.4049479171875 0.2060546875 0.3984375 0.216796875 0.3971354171875 0.21484375 0.3763020828125
3 0.2353515625 0.3463541671875 0.228515625 0.3580729171875 0.228515625 0.37109375 0.236328125 0.3763020828125 0.2490234375 0.40625 0.263671875 0.4127604171875 0.267578125 0.42578125 0.267578125 0.3919270828125 0.271484375 0.3763020828125 0.291015625 0.3502604171875 0.2509765625 0.3619791671875 0.2451171875 0.3489583328125 0.2353515625 0.3463541671875
3 0.330078125 0.33984375 0.3359375 0.33984375 0.3466796875 0.3385416671875 0.359375 0.3294270828125 0.3466796875 0.3046875 0.3388671875 0.3046875 0.33203125 0.3190104171875 0.330078125 0.33984375
3 0.3046875 0.4544270828125 0.298828125 0.4361979171875 0.298828125 0.4075520828125 0.310546875 0.37890625 0.31640625 0.3736979171875 0.318359375 0.3580729171875 0.328125 0.3450520828125 0.3251953125 0.3411458328125 0.2900390625 0.3515625 0.271484375 0.3763020828125 0.267578125 0.3919270828125 0.267578125 0.44921875 0.26953125 0.4622395828125 0.275390625 0.46484375 0.2783203125 0.4192708328125 0.2919921875 0.4166666671875 0.296875 0.4309895828125 0.294921875 0.4440104171875 0.3017578125 0.4557291671875 0.3046875 0.4544270828125
3 0.3984375 0.3268229171875 0.404296875 0.3138020828125 0.3974609375 0.3020833328125 0.3896484375 0.2994791671875 0.3828125 0.30859375 0.3828125 0.32421875 0.3984375 0.3268229171875
3 0.31640625 0.36328125 0.31640625 0.37109375 0.3203125 0.37109375 0.3349609375 0.359375 0.3701171875 0.3541666671875 0.376953125 0.34765625 0.376953125 0.33984375 0.3310546875 0.3385416671875 0.31640625 0.36328125
3 0.4248046875 0.3723958328125 0.4296875 0.37109375 0.443359375 0.3528645828125 0.4384765625 0.34375 0.4267578125 0.3385416671875 0.419921875 0.3450520828125 0.416015625 0.36328125 0.4248046875 0.3723958328125
3 0.412109375 0.37109375 0.423828125 0.33984375 0.4189453125 0.3333333328125 0.4091796875 0.3333333328125 0.404296875 0.3424479171875 0.40234375 0.3684895828125 0.412109375 0.37109375
3 0.423828125 0.33203125 0.4306640625 0.3411458328125 0.443359375 0.3424479171875 0.451171875 0.3372395828125 0.451171875 0.3268229171875 0.4404296875 0.3125 0.4306640625 0.3151041671875 0.423828125 0.32421875 0.423828125 0.33203125
3 0.3046875 0.34765625 0.3125 0.3424479171875 0.3125 0.32421875 0.3056640625 0.3151041671875 0.2958984375 0.3151041671875 0.29296875 0.3450520828125 0.3046875 0.34765625