3 0.353515625 0.8450520828125001 0.357421875 0.8216145828125001 0.35546875 0.7565104171875 0.36328125 0.7096354171875 0.361328125 0.6549479171875 0.3720703125 0.6354166671875 0.3798828125 0.640625 0.396484375 0.63671875 0.396484375 0.6263020828125 0.3828125 0.6080729171875 0.3828125 0.5924479171875 0.3720703125 0.5807291671875 0.3583984375 0.5807291671875 0.328125 0.6263020828125 0.3291015625 0.6354166671875 0.3408203125 0.6328125 0.341796875 0.63671875 0.330078125 0.6653645828125 0.3046875 0.7018229171875 0.287109375 0.7565104171875 0.279296875 0.82421875 0.2734375 0.8346354171874999 0.271484375 0.8502604171874999 0.2578125 0.87109375 0.2578125 0.8815104171874999 0.275390625 0.89453125 0.27734375 0.9361979171874999 0.30078125 0.94921875 0.298828125 0.9830729171874999 0.3046875 0.9830729171874999 0.3173828125 0.953125 0.3271484375 0.953125 0.337890625 0.9440104171874999 0.349609375 0.91796875 0.353515625 0.8971354171874999 0.353515625 0.8450520828125001
3 0.4072265625 0.7578125 0.40625 0.74609375 0.421875 0.71484375 0.419921875 0.6940104171875 0.4453125 0.6575520828125 0.44921875 0.64453125 0.453125 0.5950520828125 0.4404296875 0.5807291671875 0.4267578125 0.5833333328125 0.396484375 0.6184895828125 0.3974609375 0.625 0.4111328125 0.6171875 0.4140625 0.62109375 0.390625 0.6705729171875 0.37109375 0.6940104171875 0.35546875 0.7747395828125 0.359375 0.8372395828125001 0.3779296875 0.8359375 0.4013671875 0.8515625 0.408203125 0.8736979171874999 0.4248046875 0.890625 0.4296875 0.8893229171874999 0.431640625 0.8606770828125001 0.42578125 0.8216145828125001 0.42578125 0.7565104171875 0.4228515625 0.7526041671875 0.4208984375 0.7578125 0.4072265625 0.7578125
3 0.4248046875 0.890625 0.408203125 0.8763020828125001 0.404296875 0.8580729171874999 0.3974609375 0.8489583328125001 0.3701171875 0.8359375 0.359375 0.8580729171874999 0.353515625 0.9075520828125001 0.337890625 0.94921875 0.333984375 0.97265625 0.3388671875 0.9817708328125001 0.357421875 0.9778645828125001 0.3525390625 1 0.408203125 0.9986979171874999 0.412109375 0.97265625 0.41015625 0.9205729171874999 0.4130859375 0.9166666671874999 0.4306640625 0.9270833328125001 0.435546875 0.91015625 0.4248046875 0.890625
3 0.470703125 0.73828125 0.48828125 0.74609375 0.47265625 0.7122395828125 0.46875 0.6940104171875 0.4462890625 0.6744791671875 0.4375 0.6809895828125 0.43359375 0.7044270828125 0.42578125 0.72265625 0.41015625 0.7408854171875 0.4130859375 0.7473958328125 0.4189453125 0.7395833328125 0.4248046875 0.7421875 0.4306640625 0.7317708328125 0.43359375 0.74609375 0.427734375 0.8268229171874999 0.435546875 0.9231770828125001 0.421875 0.9361979171874999 0.41015625 0.98828125 0.4130859375 0.9973958328125001 0.43359375 0.9986979171874999 0.4423828125 0.9973958328125001 0.4541015625 0.9765625 0.47265625 0.9778645828125001 0.47265625 0.8268229171874999 0.462890625 0.79296875 0.470703125 0.73828125
3 0.52734375 0.5924479171875 0.52734375 0.58203125 0.51953125 0.5611979171875 0.525390625 0.5403645828125 0.5126953125 0.5208333328125 0.4951171875 0.5260416671875 0.478515625 0.5716145828125 0.4638671875 0.5911458328125 0.453125 0.59765625 0.44921875 0.6471354171875 0.443359375 0.6731770828125 0.4658203125 0.6875 0.47265625 0.70703125 0.478515625 0.7122395828125 0.484375 0.6966145828125 0.490234375 0.60546875 0.494140625 0.5924479171875 0.5048828125 0.5703125 0.5185546875 0.59375 0.52734375 0.5924479171875
3 0.5107421875 0.5208333328125 0.513671875 0.5143229171875 0.521484375 0.4596354171875 0.517578125 0.4440104171875 0.5068359375 0.4322916671875 0.5009765625 0.4296875 0.4931640625 0.4348958328125 0.46875 0.4700520828125 0.451171875 0.54296875 0.44921875 0.5846354171875 0.4541015625 0.59375 0.45703125 0.5924479171875 0.4619140625 0.578125 0.4677734375 0.578125 0.482421875 0.5611979171875 0.48828125 0.53515625 0.4970703125 0.5234375 0.5107421875 0.5208333328125
3 0.51953125 0.6080729171875 0.5146484375 0.5859375 0.49609375 0.6315104171875 0.4990234375 0.6380208328125 0.50390625 0.63671875 0.51953125 0.6080729171875
3 0.568359375 0.62109375 0.578125 0.5924479171875 0.578125 0.44921875 0.576171875 0.4388020828125 0.5654296875 0.4270833328125 0.5556640625 0.4322916671875 0.548828125 0.4440104171875 0.5390625 0.4674479171875 0.54296875 0.4752604171875 0.525390625 0.51953125 0.52734375 0.5481770828125 0.521484375 0.56640625 0.53515625 0.6002604171875 0.537109375 0.62109375 0.513671875 0.6627604171875 0.5166015625 0.671875 0.5234375 0.6705729171875 0.529296875 0.6471354171875 0.5517578125 0.6223958328125 0.5576171875 0.6223958328125 0.5615234375 0.6354166671875 0.568359375 0.6315104171875 0.568359375 0.62109375
3 0.6044921875 0.453125 0.58203125 0.4778645828125 0.5849609375 0.484375 0.591796875 0.4856770828125 0.591796875 0.50390625 0.580078125 0.52734375 0.576171875 0.5481770828125 0.576171875 0.5794270828125 0.58203125 0.5872395828125 0.62109375 0.55078125 0.615234375 0.5169270828125 0.626953125 0.4752604171875 0.623046875 0.4596354171875 0.6142578125 0.4505208328125 0.6044921875 0.453125
3 0.6171875 0.6315104171875 0.6298828125 0.6067708328125 0.6416015625 0.6171875 0.6484375 0.6158854171875 0.640625 0.5690104171875 0.6318359375 0.5520833328125 0.6142578125 0.5546875 0.576171875 0.59765625 0.5791015625 0.6067708328125 0.591796875 0.6158854171875 0.5751953125 0.6354166671875 0.5615234375 0.6432291671875 0.548828125 0.6653645828125 0.515625 0.7044270828125 0.505859375 0.7278645828125 0.501953125 0.75390625 0.509765625 0.7643229171875 0.517578125 0.79296875 0.51171875 0.84765625 0.521484375 0.84765625 0.5439453125 0.8411458328125001 0.568359375 0.8138020828125001 0.603515625 0.7252604171875 0.607421875 0.6705729171875 0.615234375 0.6497395828125 0.6171875 0.6315104171875
3 0.63671875 0.90234375 0.642578125 0.7903645828125 0.634765625 0.7591145828125 0.634765625 0.7174479171875 0.6416015625 0.703125 0.6474609375 0.7057291671875 0.65234375 0.7018229171875 0.650390625 0.6575520828125 0.6376953125 0.6432291671875 0.6240234375 0.6432291671875 0.6171875 0.6497395828125 0.609375 0.6705729171875 0.607421875 0.72265625 0.572265625 0.80859375 0.552734375 0.8372395828125001 0.546875 0.85546875 0.541015625 0.9388020828125001 0.556640625 0.99609375 0.5673828125 1 0.603515625 0.9986979171874999 0.6181640625 0.9973958328125001 0.62109375 0.9908854171874999 0.62109375 0.9778645828125001 0.630859375 0.94921875 0.630859375 0.9205729171874999 0.63671875 0.90234375
3 0.71875 0.7434895828125 0.71875 0.7096354171875 0.7080078125 0.6901041671875 0.6923828125 0.6901041671875 0.640625 0.76953125 0.64453125 0.8138020828125001 0.630859375 0.9544270828125001 0.6416015625 0.9973958328125001 0.705078125 0.9986979171874999 0.708984375 0.9908854171874999 0.708984375 0.9388020828125001 0.689453125 0.8346354171874999 0.685546875 0.78515625 0.6962890625 0.7630208328125 0.71875 0.7434895828125
3 0.744140625 0.6158854171875 0.73828125 0.5924479171875 0.71484375 0.5559895828125 0.708984375 0.5143229171875 0.7001953125 0.5026041671875 0.6884765625 0.5 0.66015625 0.5299479171875 0.6630859375 0.5338541671875 0.6962890625 0.5364583328125 0.703125 0.5455729171875 0.708984375 0.5716145828125 0.697265625 0.5924479171875 0.697265625 0.68359375 0.716796875 0.69921875 0.720703125 0.7122395828125 0.720703125 0.73828125 0.7353515625 0.7473958328125 0.744140625 0.74609375 0.75390625 0.7356770828125 0.7578125 0.72265625 0.763671875 0.6940104171875 0.763671875 0.66015625 0.7578125 0.63671875 0.744140625 0.6158854171875
3 0.7041015625 0.5625 0.6826171875 0.5625 0.67578125 0.5716145828125 0.666015625 0.6080729171875 0.646484375 0.6471354171875 0.65234375 0.6731770828125 0.654296875 0.71484375 0.638671875 0.72265625 0.63671875 0.75390625 0.6396484375 0.7630208328125 0.64453125 0.76171875 0.6953125 0.68359375 0.69921875 0.6471354171875 0.6953125 0.5924479171875 0.697265625 0.58203125 0.705078125 0.5716145828125 0.7041015625 0.5625