3 0.564453125 0.5325520828125 0.560546875 0.5013020828125 0.5537109375 0.4895833328125 0.5419921875 0.4895833328125 0.53125 0.5013020828125 0.53125 0.54296875 0.5224609375 0.5625 0.5068359375 0.5729166671875 0.4619140625 0.5807291671875 0.4296875 0.6106770828125 0.416015625 0.6497395828125 0.41796875 0.6731770828125 0.421875 0.6731770828125 0.4345703125 0.6588541671875 0.4599609375 0.6458333328125 0.5205078125 0.6484375 0.55078125 0.6419270828125 0.5546875 0.53515625 0.564453125 0.5325520828125
3 0.73046875 0.6497395828125 0.7373046875 0.6536458328125 0.7421875 0.62890625 0.755859375 0.6106770828125 0.765625 0.5638020828125 0.765625 0.5143229171875 0.7705078125 0.5052083328125 0.77734375 0.5065104171875 0.7734375 0.47265625 0.7666015625 0.4661458328125 0.7490234375 0.46875 0.73828125 0.5143229171875 0.7197265625 0.5364583328125 0.6826171875 0.5651041671875 0.658203125 0.60546875 0.65234375 0.6549479171875 0.6630859375 0.6744791671875 0.6748046875 0.6770833328125 0.68359375 0.6861979171875 0.67578125 0.73046875 0.67578125 0.73828125 0.681640625 0.7434895828125 0.689453125 0.70703125 0.70703125 0.6783854171875 0.716796875 0.6497395828125 0.7216796875 0.6432291671875 0.7294921875 0.6432291671875 0.73046875 0.6497395828125
3 0.591796875 0.48828125 0.58984375 0.45703125 0.5712890625 0.4296875 0.5556640625 0.4244791671875 0.5478515625 0.4296875 0.53515625 0.4518229171875 0.54296875 0.4544270828125 0.5458984375 0.46875 0.5576171875 0.46875 0.564453125 0.48828125 0.560546875 0.49609375 0.560546875 0.5169270828125 0.56640625 0.5377604171875 0.5615234375 0.5364583328125 0.5546875 0.5455729171875 0.55078125 0.6158854171875 0.55078125 0.62890625 0.5576171875 0.6354166671875 0.5625 0.6341145828125 0.5673828125 0.625 0.6015625 0.6080729171875 0.611328125 0.56640625 0.611328125 0.5455729171875 0.603515625 0.5143229171875 0.591796875 0.48828125
3 0.685546875 0.5299479171875 0.673828125 0.46484375 0.6787109375 0.453125 0.6826171875 0.4609375 0.6875 0.45703125 0.689453125 0.44140625 0.68359375 0.42578125 0.6728515625 0.4140625 0.6630859375 0.4166666671875 0.658203125 0.43359375 0.6533203125 0.4322916671875 0.646484375 0.4440104171875 0.6572265625 0.4427083328125 0.658203125 0.4544270828125 0.642578125 0.4856770828125 0.638671875 0.58984375 0.6328125 0.6341145828125 0.634765625 0.64453125 0.638671875 0.64453125 0.64453125 0.6315104171875 0.6484375 0.5872395828125 0.6533203125 0.5807291671875 0.6728515625 0.578125 0.685546875 0.5611979171875 0.685546875 0.5299479171875
3 0.677734375 0.4440104171875 0.671875 0.4700520828125 0.685546875 0.53515625 0.693359375 0.55078125 0.697265625 0.55078125 0.7060546875 0.5442708328125 0.712890625 0.5299479171875 0.71484375 0.4986979171875 0.703125 0.4596354171875 0.6845703125 0.4322916671875 0.677734375 0.4440104171875
3 0.587890625 0.4231770828125 0.587890625 0.3997395828125 0.5732421875 0.3776041671875 0.5576171875 0.3802083328125 0.5546875 0.3841145828125 0.5546875 0.4153645828125 0.5693359375 0.4270833328125 0.587890625 0.4518229171875 0.59375 0.47265625 0.59375 0.4908854171875 0.609375 0.53515625 0.626953125 0.54296875 0.63671875 0.53515625 0.640625 0.5221354171875 0.640625 0.49609375 0.634765625 0.4700520828125 0.6181640625 0.4479166671875 0.587890625 0.4231770828125
3 0.7138671875 0.34375 0.701171875 0.3606770828125 0.712890625 0.37890625 0.71484375 0.40234375 0.73046875 0.41796875 0.736328125 0.43359375 0.740234375 0.4674479171875 0.7451171875 0.4713541671875 0.7607421875 0.4635416671875 0.7685546875 0.4661458328125 0.775390625 0.48046875 0.779296875 0.48046875 0.783203125 0.4596354171875 0.775390625 0.4231770828125 0.734375 0.37890625 0.734375 0.3528645828125 0.7294921875 0.34375 0.7138671875 0.34375
3 0.673828125 0.30078125 0.673828125 0.3190104171875 0.7060546875 0.3697916671875 0.708984375 0.3684895828125 0.708984375 0.3528645828125 0.7158203125 0.34375 0.7236328125 0.34375 0.73046875 0.3502604171875 0.7265625 0.36328125 0.728515625 0.3736979171875 0.7421875 0.38671875 0.73828125 0.3502604171875 0.7294921875 0.3359375 0.7021484375 0.3229166671875 0.6884765625 0.296875 0.6826171875 0.2942708328125 0.673828125 0.30078125
3 0.6884765625 0.3567708328125 0.6728515625 0.3515625 0.669921875 0.3658854171875 0.67578125 0.37109375 0.681640625 0.3919270828125 0.68359375 0.4283854171875 0.69921875 0.4518229171875 0.7119140625 0.484375 0.728515625 0.4856770828125 0.73828125 0.47265625 0.73828125 0.4466145828125 0.73046875 0.41796875 0.7041015625 0.3984375 0.693359375 0.3841145828125 0.6884765625 0.3567708328125
3 0.64453125 0.3138020828125 0.654296875 0.3294270828125 0.65625 0.34765625 0.6669921875 0.359375 0.6748046875 0.3489583328125 0.6865234375 0.3541666671875 0.69140625 0.3606770828125 0.693359375 0.3815104171875 0.7041015625 0.3958333328125 0.70703125 0.39453125 0.69921875 0.3580729171875 0.681640625 0.3294270828125 0.66796875 0.31640625 0.666015625 0.2981770828125 0.6533203125 0.2942708328125 0.64453125 0.3138020828125
3 0.6240234375 0.3125 0.6142578125 0.3125 0.609375 0.3268229171875 0.63671875 0.35546875 0.638671875 0.40234375 0.6513671875 0.4088541671875 0.6552734375 0.3984375 0.654296875 0.4127604171875 0.66015625 0.41796875 0.6796875 0.4153645828125 0.681640625 0.3971354171875 0.677734375 0.3763020828125 0.6611328125 0.3541666671875 0.6396484375 0.3411458328125 0.6240234375 0.3125
3 0.55078125 0.29296875 0.544921875 0.3033854171875 0.5458984375 0.3098958328125 0.5576171875 0.3125 0.5615234375 0.3255208328125 0.5751953125 0.3255208328125 0.5849609375 0.3333333328125 0.607421875 0.3606770828125 0.609375 0.37109375 0.60546875 0.3736979171875 0.60546875 0.3841145828125 0.6123046875 0.3932291671875 0.63671875 0.40234375 0.638671875 0.36328125 0.6279296875 0.34375 0.5830078125 0.3098958328125 0.5693359375 0.2864583328125 0.5595703125 0.2864583328125 0.55078125 0.29296875
3 0.4931640625 0.3046875 0.482421875 0.3216145828125 0.4892578125 0.3333333328125 0.4931640625 0.3307291671875 0.49609375 0.3346354171875 0.4970703125 0.34375 0.5029296875 0.34375 0.5126953125 0.3541666671875 0.5380859375 0.3541666671875 0.5439453125 0.3567708328125 0.5556640625 0.3776041671875 0.576171875 0.3763020828125 0.578125 0.3528645828125 0.591796875 0.3424479171875 0.5751953125 0.3255208328125 0.5224609375 0.3229166671875 0.5048828125 0.3046875 0.4931640625 0.3046875
3 0.4794921875 0.3515625 0.4677734375 0.3359375 0.455078125 0.33984375 0.44921875 0.35546875 0.4501953125 0.3671875 0.4638671875 0.3697916671875 0.4814453125 0.3932291671875 0.5 0.3919270828125 0.5224609375 0.3854166671875 0.5322265625 0.3697916671875 0.5478515625 0.3697916671875 0.548828125 0.3658854171875 0.5400390625 0.3541666671875 0.4794921875 0.3515625
3 0.529296875 0.40234375 0.541015625 0.42578125 0.546875 0.4283854171875 0.556640625 0.4075520828125 0.556640625 0.37890625 0.5478515625 0.3671875 0.5341796875 0.3671875 0.52734375 0.3763020828125 0.529296875 0.40234375
3 0.404296875 0.4752604171875 0.400390625 0.4309895828125 0.3974609375 0.4296875 0.390625 0.43359375 0.392578125 0.4544270828125 0.396484375 0.47265625 0.404296875 0.4752604171875
3 0.349609375 0.4622395828125 0.353515625 0.4752604171875 0.361328125 0.47265625 0.3642578125 0.453125 0.373046875 0.47265625 0.37109375 0.49609375 0.37890625 0.49609375 0.37890625 0.4544270828125 0.384765625 0.4388020828125 0.3779296875 0.4348958328125 0.3623046875 0.4427083328125 0.3505859375 0.4427083328125 0.349609375 0.4622395828125
3 0.3994140625 0.3541666671875 0.365234375 0.3971354171875 0.365234375 0.41015625 0.357421875 0.42578125 0.37109375 0.42578125 0.4189453125 0.4114583328125 0.43359375 0.3815104171875 0.431640625 0.3684895828125 0.4208984375 0.3567708328125 0.4072265625 0.3515625 0.3994140625 0.3541666671875
3 0.4677734375 0.4322916671875 0.466796875 0.45703125 0.47265625 0.4674479171875 0.47265625 0.43359375 0.4677734375 0.4322916671875
3 0.44921875 0.4309895828125 0.4638671875 0.4166666671875 0.4765625 0.4127604171875 0.4541015625 0.4140625 0.439453125 0.4231770828125 0.4423828125 0.4322916671875 0.44921875 0.4309895828125
3 0.48828125 0.4622395828125 0.490234375 0.4231770828125 0.4853515625 0.4192708328125 0.4765625 0.4283854171875 0.4765625 0.4388020828125 0.478515625 0.4544270828125 0.48828125 0.4622395828125
3 0.5078125 0.41015625 0.5009765625 0.4088541671875 0.49609375 0.4127604171875 0.49609375 0.4544270828125 0.5078125 0.45703125 0.5078125 0.41015625
3 0.4296875 0.41015625 0.4609375 0.40234375 0.4443359375 0.3828125 0.4365234375 0.3802083328125 0.421875 0.4075520828125 0.4228515625 0.4114583328125 0.4296875 0.41015625
3 0.4091796875 0.3125 0.3994140625 0.3151041671875 0.3642578125 0.3411458328125 0.3408203125 0.3359375 0.333984375 0.37109375 0.3408203125 0.3671875 0.34375 0.3763020828125 0.3486328125 0.3776041671875 0.3525390625 0.3697916671875 0.357421875 0.3815104171875 0.369140625 0.3919270828125 0.40625 0.34765625 0.40234375 0.3346354171875 0.4052734375 0.328125 0.4267578125 0.3255208328125 0.427734375 0.3216145828125 0.4091796875 0.3125
3 0.49609375 0.3502604171875 0.494140625 0.3372395828125 0.4853515625 0.3359375 0.4775390625 0.3177083328125 0.4462890625 0.3307291671875 0.4150390625 0.3255208328125 0.404296875 0.33203125 0.4072265625 0.3515625 0.4267578125 0.359375 0.4365234375 0.3802083328125 0.45703125 0.3919270828125 0.458984375 0.3736979171875 0.4453125 0.3658854171875 0.4560546875 0.3385416671875 0.4677734375 0.3359375 0.4794921875 0.3515625 0.49609375 0.3502604171875
3 0.4482421875 0.2916666671875 0.4404296875 0.2916666671875 0.4296875 0.3216145828125 0.44140625 0.32421875 0.4521484375 0.3229166671875 0.4638671875 0.3098958328125 0.4755859375 0.3072916671875 0.4765625 0.2981770828125 0.4580078125 0.2994791671875 0.4482421875 0.2916666671875
3 0.60546875 0.2903645828125 0.603515625 0.30078125 0.6064453125 0.3046875 0.6240234375 0.3098958328125 0.6396484375 0.3411458328125 0.65625 0.34765625 0.65625 0.3346354171875 0.6396484375 0.3098958328125 0.6328125 0.30859375 0.6259765625 0.2864583328125 0.6142578125 0.2838541671875 0.60546875 0.2903645828125