2 0.7071940109375 0.625 0.8128255203125001 0.5576171875 0.77880859375 0.5390625 0.73583984375 0.529296875 0.6033528640625 0.521484375 0.4851888015625 0.541015625 0.4064127609375 0.548828125 0.33837890625 0.568359375 0.3097330734375 0.5703125 0.27392578125 0.5625 0.2721354171875 0.5673828125 0.3043619796875 0.5869140625 0.2900390625 0.6201171875 0.2613932296875 0.6396484375 0.2810872390625 0.6484375 0.3777669265625 0.642578125 0.3795572921875 0.6474609375 0.3580729171875 0.6669921875 0.37060546875 0.6796875 0.4207356765625 0.646484375 0.4493815109375 0.640625 0.4475911453125 0.6494140625 0.4654947921875 0.6591796875 0.4690755203125 0.6923828125 0.4869791671875 0.6943359375 0.494140625 0.6904296875 0.4977213546875 0.6630859375 0.5174153640625 0.650390625 0.5353190109375 0.6484375 0.5478515625 0.6416015625 0.55322265625 0.62890625 0.6212565109375 0.6328125 0.7071940109375 0.625
2 0.4225260421875 0.5419921875 0.4475911453125 0.5439453125 0.6033528640625 0.521484375 0.6051432296875 0.4990234375 0.5979817703125 0.4912109375 0.5603841140625 0.4765625 0.4959309890625 0.48046875 0.4654947921875 0.4931640625 0.4261067703125 0.5283203125 0.4225260421875 0.5419921875
2 0.7662760421875 0.4990234375 0.7107747390625 0.48046875 0.6534830734375 0.486328125 0.6123046875 0.5185546875 0.61767578125 0.5234375 0.7394205734375 0.529296875 0.7877604171875 0.5400390625 0.7662760421875 0.4990234375
2 0.5944010421875 0.4873046875 0.6051432296875 0.5048828125 0.623046875 0.5087890625 0.6534830734375 0.486328125 0.6964518234375 0.482421875 0.7054036453125 0.4755859375 0.64990234375 0.4609375 0.6105143234375 0.4609375 0.5782877609375 0.470703125 0.5729166671875 0.4775390625 0.5944010421875 0.4873046875
2 0.6910807296875 0.4638671875 0.71435546875 0.48046875 0.73583984375 0.484375 0.7716471359375 0.4609375 0.7805989578125 0.4833984375 0.7913411453125 0.4892578125 0.7877604171875 0.4697265625 0.81640625 0.4169921875 0.8092447921874999 0.4033203125 0.7967122390625 0.396484375 0.76806640625 0.396484375 0.7197265625 0.4267578125 0.7054036453125 0.4560546875 0.6910807296875 0.4638671875
2 0.51025390625 0.396484375 0.4869791671875 0.4091796875 0.4977213546875 0.4580078125 0.5138346359375 0.4609375 0.5281575515625 0.44140625 0.5550130203125 0.4501953125 0.5621744796875 0.4736328125 0.5729166671875 0.4736328125 0.5818684890625 0.455078125 0.5926106765625 0.46484375 0.6355794265625 0.458984375 0.6373697921875 0.4384765625 0.64453125 0.4345703125 0.6033528640625 0.412109375 0.55322265625 0.396484375 0.51025390625 0.396484375
2 0.4404296875 0.5146484375 0.4762369796875 0.4853515625 0.4314778640625 0.470703125 0.34912109375 0.470703125 0.2828776046875 0.4873046875 0.3634440109375 0.490234375 0.4171549484375 0.5 0.4261067703125 0.5126953125 0.4404296875 0.5146484375
2 0.3312174484375 0.568359375 0.4189453125 0.5458984375 0.4332682296875 0.5166015625 0.41357421875 0.501953125 0.35986328125 0.490234375 0.24527994843749998 0.4921875 0.1271158859375 0.513671875 0.06087239531250001 0.5439453125 0.06087239531250001 0.5576171875 0.08235677031250001 0.5693359375 0.1002604171875 0.6005859375 0.1163736984375 0.599609375 0.1414388015625 0.587890625 0.1575520828125 0.5966796875 0.1682942703125 0.6123046875 0.1611328125 0.6416015625 0.1790364578125 0.6416015625 0.1897786453125 0.6376953125 0.20589192656250002 0.583984375 0.2810872390625 0.580078125 0.2864583328125 0.5751953125 0.2685546875 0.5673828125 0.2703450515625 0.55859375 0.30615234375 0.568359375 0.3312174484375 0.568359375
2 0.0017903640625000002 0.552734375 0 0.6435546875 0.05908203125 0.640625 0.1539713546875 0.6513671875 0.1539713546875 0.6337890625 0.13427734375 0.626953125 0.1199544265625 0.62890625 0.107421875 0.6201171875 0.08951822968749999 0.5791015625 0.07161458281250001 0.5634765625 0.03759765625 0.552734375 0.0017903640625000002 0.552734375
2 0.0035807296875 0.7705078125 0.1736653640625 0.72265625 0.2255859375 0.7001953125 0.21484375 0.6845703125 0.1700846359375 0.66015625 0.1378580734375 0.650390625 0.05908203125 0.640625 0.0017903640625000002 0.64453125 0.0035807296875 0.7705078125
2 0 0.9384765625 0.014322917187500001 0.9384765625 0.1593424484375 0.875 0.2882486984375 0.806640625 0.4404296875 0.7529296875 0.4296875 0.7412109375 0.3688151046875 0.7119140625 0.3688151046875 0.6826171875 0.3562825515625 0.673828125 0.3401692703125 0.6767578125 0.34375 0.6923828125 0.3347981765625 0.69921875 0.2560221359375 0.697265625 0.22737630156250002 0.701171875 0.16650390625 0.7265625 0 0.7744140625 0 0.9384765625
2 0.58544921875 1 0.64990234375 0.94921875 0.66064453125 0.94921875 0.6731770828125 0.9580078125 0.6857096359375 1 0.7483723953125 0.9990234375 0.7555338546875 0.9736328125 0.7841796875 0.9306640625 0.7985026046875 0.8818359375 0.7913411453125 0.8154296875 0.7591145828125 0.7763671875 0.7000325515625 0.744140625 0.5890299484375 0.73046875 0.5353190109375 0.732421875 0.4851888015625 0.748046875 0.4099934890625 0.763671875 0.3419596359375 0.787109375 0.0035807296875 0.9482421875 0.00537109375 1 0.58544921875 1
2 0.8951822921874999 0.7021484375 0.9059244796874999 0.6806640625 0.9524739578125001 0.6435546875 0.9990234375 0.6259765625 0.9972330734374999 0.5 0.9578450515625001 0.501953125 0.93994140625 0.5078125 0.9202473953125001 0.5224609375 0.9148763015625001 0.541015625 0.8575846359374999 0.548828125 0.7967122390625 0.568359375 0.73046875 0.6083984375 0.7018229171875 0.6376953125 0.6982421875 0.6689453125 0.7197265625 0.6943359375 0.7125651046875 0.7099609375 0.7286783859375 0.716796875 0.7662760421875 0.7177734375 0.7770182296875 0.7294921875 0.7698567703125 0.7666015625 0.7967122390625 0.787109375 0.81640625 0.7861328125 0.8414713546874999 0.7783203125 0.8343098953125001 0.7705078125 0.837890625 0.7529296875 0.8665364578125001 0.7177734375 0.9005533859374999 0.72265625 0.9202473953125001 0.7197265625 0.9166666671874999 0.7119140625 0.8951822921874999 0.7021484375
2 0.9381510421874999 0.8173828125 0.9488932296874999 0.8251953125 0.9309895828125001 0.8662109375 0.9381510421874999 0.9248046875 0.9703776046874999 0.9990234375 0.9990234375 0.9990234375 1 0.6357421875 0.9900716140625001 0.6328125 0.9578450515625001 0.642578125 0.9381510421874999 0.6552734375 0.9130859375 0.7021484375 0.9309895828125001 0.7353515625 0.9274088546874999 0.7880859375 0.9381510421874999 0.8173828125