2 0.66064453125 1 0.6749674484375 0.9921875 0.68212890625 1 0.7591145828125 0.9990234375 0.7841796875 0.9697265625 0.8056640625 0.9169921875 0.7985026046875 0.8466796875 0.7877604171875 0.8271484375 0.7591145828125 0.8037109375 0.67138671875 0.76171875 0.52099609375 0.767578125 0.37060546875 0.8125 0.24169921875 0.8671875 0.10205078125 0.94140625 0.0232747390625 0.97265625 0.0035807296875 0.9833984375 0 0.9951171875 0.0017903640625000002 1 0.66064453125 1
2 0.9990234375 0.6396484375 0.9990234375 0.5615234375 0.92919921875 0.54296875 0.8575846359374999 0.548828125 0.8253580734374999 0.556640625 0.7215169265625 0.599609375 0.6731770828125 0.6259765625 0.6588541671875 0.6396484375 0.6516927078125 0.6552734375 0.6552734375 0.6845703125 0.5836588546875 0.7080078125 0.59619140625 0.71484375 0.64990234375 0.7109375 0.6624348953125 0.7275390625 0.6910807296875 0.7333984375 0.6982421875 0.7666015625 0.71435546875 0.77734375 0.80029296875 0.73046875 0.7985026046875 0.7568359375 0.7805989578125 0.7939453125 0.7985026046875 0.8154296875 0.7985026046875 0.8251953125 0.81640625 0.8251953125 0.8235677078125001 0.8212890625 0.8199869796874999 0.7861328125 0.8343098953125001 0.7451171875 0.8772786453125001 0.6845703125 0.9220377609374999 0.673828125 0.9793294265625001 0.646484375 0.99365234375 0.6484375 0.9990234375 0.6396484375
2 0.6051432296875 0.6416015625 0.6248372390625 0.650390625 0.63916015625 0.6484375 0.6463216140625 0.65625 0.666015625 0.6279296875 0.7841796875 0.5693359375 0.7913411453125 0.5556640625 0.7071940109375 0.529296875 0.57470703125 0.51953125 0.3670247390625 0.548828125 0.28466796875 0.578125 0.2506510421875 0.5810546875 0.2685546875 0.5986328125 0.2613932296875 0.6240234375 0.22916666718749998 0.6435546875 0.23811848906250002 0.65234375 0.2703450515625 0.654296875 0.3634440109375 0.640625 0.3688151046875 0.6533203125 0.34375 0.6806640625 0.34912109375 0.6875 0.3670247390625 0.685546875 0.3956705734375 0.666015625 0.4493815109375 0.66015625 0.4619140625 0.6943359375 0.4798177078125 0.6943359375 0.4905598953125 0.6904296875 0.494140625 0.6572265625 0.5138346359375 0.6484375 0.5353190109375 0.646484375 0.537109375 0.6376953125 0.55322265625 0.630859375 0.6105143234375 0.630859375 0.6051432296875 0.6416015625
2 0.4225260421875 0.5322265625 0.42431640625 0.5390625 0.4368489578125 0.5380859375 0.5388997390625 0.521484375 0.5997721359375 0.517578125 0.6015625 0.4970703125 0.5568033859375 0.4765625 0.5138346359375 0.478515625 0.48876953125 0.486328125 0.4404296875 0.5146484375 0.4225260421875 0.5322265625
2 0.60693359375 0.521484375 0.7179361984375 0.53125 0.7752278640625 0.552734375 0.794921875 0.5517578125 0.7985026046875 0.5380859375 0.7841796875 0.5166015625 0.74658203125 0.4921875 0.72509765625 0.486328125 0.70361328125 0.482421875 0.6570638015625 0.484375 0.6051432296875 0.5166015625 0.60693359375 0.521484375
2 0.6051432296875 0.5087890625 0.6123046875 0.5107421875 0.64990234375 0.486328125 0.7000325515625 0.482421875 0.6982421875 0.4736328125 0.62841796875 0.4609375 0.5890299484375 0.466796875 0.5693359375 0.4814453125 0.6015625 0.4951171875 0.6051432296875 0.5087890625
2 0.5227864578125 0.4755859375 0.47802734375 0.455078125 0.4278971359375 0.4453125 0.4046223953125 0.4560546875 0.4010416671875 0.4697265625 0.4529622390625 0.48046875 0.47265625 0.4931640625 0.5227864578125 0.4755859375
2 0.41357421875 0.501953125 0.4332682296875 0.5185546875 0.4619140625 0.5029296875 0.4690755203125 0.4912109375 0.4529622390625 0.48046875 0.41357421875 0.470703125 0.3347981765625 0.47265625 0.2470703125 0.4892578125 0.35986328125 0.490234375 0.41357421875 0.501953125
2 0.4296875 0.5205078125 0.4099934890625 0.501953125 0.35986328125 0.490234375 0.28466796875 0.48828125 0.23453776093749998 0.4921875 0.1271158859375 0.513671875 0.064453125 0.5419921875 0.05729166718749999 0.5634765625 0.08235677031250001 0.5830078125 0.08951822968749999 0.6025390625 0.10205078125 0.607421875 0.1378580734375 0.587890625 0.1647135421875 0.6123046875 0.1647135421875 0.6279296875 0.1539713546875 0.6435546875 0.1682942703125 0.6435546875 0.1897786453125 0.6337890625 0.1969401046875 0.5947265625 0.20947265625 0.583984375 0.23095703125 0.578125 0.28466796875 0.576171875 0.3527018234375 0.55078125 0.4189453125 0.5380859375 0.4296875 0.5205078125
2 0.53173828125 0.400390625 0.5048828125 0.4111328125 0.5013020828125 0.4619140625 0.5120442703125 0.4638671875 0.52099609375 0.4453125 0.5442708328125 0.4560546875 0.5478515625 0.4736328125 0.55859375 0.4736328125 0.5675455734375 0.462890625 0.5890299484375 0.466796875 0.6248372390625 0.4609375 0.6373697921875 0.4404296875 0.623046875 0.4365234375 0.5890299484375 0.412109375 0.5496419265625 0.400390625 0.53173828125 0.400390625
2 0.7483723953125 0.4033203125 0.7161458328125 0.4267578125 0.7054036453125 0.4521484375 0.6910807296875 0.4658203125 0.7018229171875 0.4775390625 0.7286783859375 0.486328125 0.76806640625 0.4609375 0.7770182296875 0.4833984375 0.7877604171875 0.4873046875 0.7841796875 0.4716796875 0.7985026046875 0.4638671875 0.794921875 0.4560546875 0.8128255203125001 0.4267578125 0.8128255203125001 0.4130859375 0.80029296875 0.400390625 0.76806640625 0.396484375 0.7483723953125 0.4033203125
2 0 0.6611328125 0.07340494843749999 0.673828125 0.1181640625 0.7001953125 0.1414388015625 0.73046875 0.25244140625 0.7421875 0.27392578125 0.751953125 0.2828776046875 0.7509765625 0.2900390625 0.7451171875 0.2900390625 0.7099609375 0.26318359375 0.705078125 0.24527994843749998 0.7109375 0.1844075515625 0.712890625 0.1754557296875 0.7060546875 0.171875 0.6669921875 0.1360677078125 0.6318359375 0.09309895781250001 0.6103515625 0.0751953125 0.5771484375 0.04833984375 0.560546875 0.00537109375 0.556640625 0 0.5595703125 0 0.6611328125
2 0.1360677078125 0.7275390625 0.1217447921875 0.7041015625 0.09488932343749999 0.685546875 0.05550130156250001 0.669921875 0.0017903640625000002 0.6640625 0 0.7529296875 0.014322917187500001 0.7529296875 0.1360677078125 0.7275390625
2 0 0.9716796875 0.014322917187500001 0.9755859375 0.09488932343749999 0.94140625 0.23095703125 0.869140625 0.3330078125 0.8251953125 0.3365885421875 0.8095703125 0.322265625 0.7880859375 0.2596028640625 0.748046875 0.1915690109375 0.736328125 0.12353515625 0.732421875 0 0.7587890625 0 0.9716796875
2 0.66064453125 1 0.6749674484375 0.9921875 0.68212890625 1 0.7591145828125 0.9990234375 0.7841796875 0.9697265625 0.8056640625 0.9150390625 0.7985026046875 0.8466796875 0.7877604171875 0.8271484375 0.7591145828125 0.8037109375 0.67138671875 0.76171875 0.52099609375 0.767578125 0.37060546875 0.8125 0.2667643234375 0.85546875 0.10205078125 0.94140625 0.0196940109375 0.974609375 0.0035807296875 0.9833984375 0 0.9970703125 0.0017903640625000002 1 0.66064453125 1