2 0.33837890625 0.49609375 0.4046223953125 0.5087890625 0.4296875 0.4931640625 0.4296875 0.4873046875 0.3956705734375 0.474609375 0.3204752609375 0.47265625 0.2810872390625 0.478515625 0.2542317703125 0.4892578125 0.2775065109375 0.494140625 0.33837890625 0.49609375
2 0 0.5302734375 0.0196940109375 0.544921875 0.07161458281250001 0.5634765625 0.07161458281250001 0.5791015625 0.08414713593749999 0.5859375 0.1468098953125 0.5849609375 0.1844075515625 0.564453125 0.22737630156250002 0.55078125 0.3455403640625 0.525390625 0.39208984375 0.521484375 0.4010416671875 0.5185546875 0.4010416671875 0.5126953125 0.34912109375 0.498046875 0.23811848906250002 0.494140625 0.1629231765625 0.501953125 0.05192057343749999 0.498046875 0.0411783859375 0.505859375 0 0.5146484375 0 0.5302734375
2 0.49951171875 0.486328125 0.4225260421875 0.5166015625 0.52099609375 0.525390625 0.5711263015625 0.541015625 0.5872395828125 0.5400390625 0.5872395828125 0.5283203125 0.5979817703125 0.5263671875 0.5908203125 0.5146484375 0.6051432296875 0.5205078125 0.6051432296875 0.4990234375 0.56396484375 0.484375 0.5281575515625 0.482421875 0.49951171875 0.486328125
2 0.62841796875 0.51171875 0.5979817703125 0.5380859375 0.6087239578125 0.5693359375 0.6051432296875 0.6064453125 0.6194661453125 0.6298828125 0.623046875 0.6669921875 0.6319986984375 0.66796875 0.6463216140625 0.66015625 0.67138671875 0.67578125 0.7018229171875 0.6767578125 0.7698567703125 0.6337890625 0.7770182296875 0.5830078125 0.7626953125 0.5615234375 0.7591145828125 0.5341796875 0.7483723953125 0.5244140625 0.7179361984375 0.509765625 0.6642252609375 0.50390625 0.62841796875 0.51171875
2 0.7537434890625 0.498046875 0.7286783859375 0.494140625 0.6892903640625 0.498046875 0.6803385421875 0.5029296875 0.6857096359375 0.505859375 0.7286783859375 0.51171875 0.7555338546875 0.5283203125 0.7770182296875 0.5927734375 0.8056640625 0.5986328125 0.8020833328125001 0.6220703125 0.8074544265625001 0.62890625 0.8235677078125001 0.6279296875 0.8235677078125001 0.6005859375 0.8504231765625001 0.59765625 0.859375 0.5908203125 0.8486328125 0.5537109375 0.8701171875 0.5341796875 0.8396809890625001 0.537109375 0.82177734375 0.5234375 0.7537434890625 0.498046875
2 0.8880208328125001 0.5654296875 0.859375 0.6123046875 0.859375 0.6357421875 0.8951822921874999 0.6923828125 0.9005533859374999 0.6953125 0.91845703125 0.6875 0.9256184890625001 0.689453125 0.9417317703125001 0.6962890625 0.9524739578125001 0.7138671875 0.9632161453125001 0.7158203125 0.9847005203125001 0.7060546875 0.9990234375 0.6845703125 1 0.5380859375 0.9864908859374999 0.529296875 0.93994140625 0.52734375 0.90771484375 0.53515625 0.8880208328125001 0.5498046875 0.8880208328125001 0.5654296875
2 0.5818684890625 0.486328125 0.6105143234375 0.49609375 0.6194661453125 0.5087890625 0.6302083328125 0.5107421875 0.6982421875 0.4951171875 0.6624348953125 0.4580078125 0.59619140625 0.431640625 0.54248046875 0.4296875 0.5245768234375 0.43359375 0.5084635421875 0.4462890625 0.515625 0.4794921875 0.5818684890625 0.486328125
2 0.67138671875 0.462890625 0.7215169265625 0.462890625 0.7215169265625 0.478515625 0.73046875 0.4775390625 0.7412109375 0.4580078125 0.7609049484375 0.451171875 0.7626953125 0.4775390625 0.7734375 0.4814453125 0.794921875 0.4287109375 0.7913411453125 0.4189453125 0.7716471359375 0.408203125 0.7215169265625 0.408203125 0.6785481765625 0.419921875 0.6105143234375 0.423828125 0.5944010421875 0.4306640625 0.67138671875 0.462890625
2 0.6051432296875 0.4228515625 0.6158854171875 0.4228515625 0.623046875 0.3857421875 0.6140950515625 0.37890625 0.58544921875 0.37109375 0.5568033859375 0.37109375 0.5227864578125 0.3837890625 0.5192057296875 0.4052734375 0.5263671875 0.4287109375 0.5335286453125 0.4306640625 0.5460611984375 0.4140625 0.55859375 0.4150390625 0.55859375 0.4248046875 0.5675455734375 0.427734375 0.5729166671875 0.4189453125 0.59619140625 0.408203125 0.6051432296875 0.4111328125 0.6051432296875 0.4228515625
2 0.41357421875 0.94140625 0.4296875 0.9326171875 0.4440104171875 0.8720703125 0.5048828125 0.8134765625 0.515625 0.7822265625 0.5013020828125 0.7099609375 0.47265625 0.6865234375 0.4314778640625 0.671875 0.3956705734375 0.66796875 0.3312174484375 0.671875 0.2596028640625 0.689453125 0.11279296875 0.748046875 0.0035807296875 0.8115234375 0.0035807296875 0.9990234375 0.1897786453125 0.9990234375 0.24527994843749998 0.974609375 0.2757161453125 0.9521484375 0.34375 0.9189453125 0.4064127609375 0.853515625 0.4117838546875 0.8603515625 0.3902994796875 0.9228515625 0.3938802078125 0.9384765625 0.41357421875 0.94140625
2 0 0.6630859375 0.0035807296875 0.8056640625 0.1092122390625 0.748046875 0.2542317703125 0.6904296875 0.2578125 0.6845703125 0.24348958281250002 0.6533203125 0.21305338593749998 0.634765625 0.1593424484375 0.625 0.09847005156250001 0.626953125 0 0.6630859375