2 0.6087239578125 0.5732421875 0.5979817703125 0.5576171875 0.6015625 0.5478515625 0.52099609375 0.52734375 0.38134765625 0.525390625 0.24886067656250002 0.546875 0.1951497390625 0.5625 0.1396484375 0.5869140625 0.12890625 0.6025390625 0.1414388015625 0.61328125 0.1808268234375 0.62109375 0.21663411406250002 0.6484375 0.23811848906250002 0.642578125 0.2470703125 0.6552734375 0.2578125 0.6572265625 0.3025716140625 0.642578125 0.4207356765625 0.62109375 0.4493815109375 0.62109375 0.5066731765625 0.634765625 0.5388997390625 0.6328125 0.5568033859375 0.6484375 0.6123046875 0.6005859375 0.6087239578125 0.5732421875
2 0 0.5263671875 0.014322917187500001 0.5419921875 0.0358072921875 0.5517578125 0.0322265625 0.5654296875 0.0465494796875 0.5869140625 0.05908203125 0.59375 0.1110026046875 0.5927734375 0.1271158859375 0.591796875 0.1808268234375 0.56640625 0.24527994843749998 0.546875 0.4046223953125 0.5205078125 0.3849283859375 0.5078125 0.3419596359375 0.498046875 0.22021484375 0.494140625 0.1915690109375 0.501953125 0.13427734375 0.501953125 0.08414713593749999 0.490234375 0.06266276093749999 0.48046875 0.05908203125 0.494140625 0 0.4990234375 0 0.5263671875
2 0.3956705734375 0.509765625 0.3974609375 0.5166015625 0.4153645828125 0.5205078125 0.4296875 0.4931640625 0.3777669265625 0.47265625 0.3312174484375 0.46875 0.2775065109375 0.47265625 0.24886067656250002 0.478515625 0.21842447968749998 0.4931640625 0.3527018234375 0.5 0.3956705734375 0.509765625
2 0.5711263015625 0.541015625 0.5836588546875 0.5400390625 0.5979817703125 0.5087890625 0.5603841140625 0.48828125 0.5353190109375 0.482421875 0.5030924484375 0.482421875 0.46728515625 0.490234375 0.4189453125 0.5205078125 0.5245768234375 0.52734375 0.5711263015625 0.541015625
2 0.515625 0.4404296875 0.5120442703125 0.4501953125 0.515625 0.4775390625 0.5245768234375 0.482421875 0.5568033859375 0.482421875 0.5890299484375 0.5 0.623046875 0.5009765625 0.6427408859375 0.49609375 0.67138671875 0.49609375 0.6803385421875 0.4912109375 0.666015625 0.4599609375 0.5997721359375 0.431640625 0.54248046875 0.4296875 0.5281575515625 0.43359375 0.515625 0.4404296875
2 0.6033528640625 0.43359375 0.67138671875 0.462890625 0.7322591140625 0.4609375 0.7233072921875 0.4716796875 0.7286783859375 0.48046875 0.751953125 0.4541015625 0.7644856765625 0.44921875 0.7662760421875 0.4794921875 0.7770182296875 0.4814453125 0.7841796875 0.4560546875 0.7985026046875 0.4384765625 0.794921875 0.4189453125 0.77880859375 0.41015625 0.7179361984375 0.408203125 0.6642252609375 0.421875 0.6015625 0.4287109375 0.6033528640625 0.43359375
2 0.57470703125 0.3671875 0.5335286453125 0.3798828125 0.5299479171875 0.4033203125 0.537109375 0.4287109375 0.5442708328125 0.4287109375 0.5478515625 0.4150390625 0.5675455734375 0.408203125 0.5836588546875 0.4111328125 0.5836588546875 0.4267578125 0.5944010421875 0.4287109375 0.5944010421875 0.4169921875 0.60693359375 0.404296875 0.6302083328125 0.4091796875 0.6355794265625 0.423828125 0.64453125 0.4208984375 0.64453125 0.3896484375 0.61767578125 0.37109375 0.57470703125 0.3671875
2 0.6839192703125 0.4990234375 0.7197265625 0.5166015625 0.7376302078125 0.5537109375 0.751953125 0.5654296875 0.7483723953125 0.5732421875 0.7340494796875 0.5791015625 0.7376302078125 0.6064453125 0.7591145828125 0.6083984375 0.7537434890625 0.583984375 0.7985026046875 0.6044921875 0.7985026046875 0.6201171875 0.8092447921874999 0.6279296875 0.8235677078125001 0.6279296875 0.8199869796874999 0.5986328125 0.8486328125 0.5537109375 0.837890625 0.5341796875 0.8074544265625001 0.513671875 0.7501627609375 0.494140625 0.72509765625 0.490234375 0.6857096359375 0.494140625 0.6839192703125 0.4990234375
2 0.7340494796875 0.5634765625 0.7340494796875 0.5439453125 0.7125651046875 0.5126953125 0.68212890625 0.5 0.6570638015625 0.49609375 0.6140950515625 0.50390625 0.5908203125 0.5205078125 0.5908203125 0.5302734375 0.6087239578125 0.5419921875 0.6051432296875 0.5673828125 0.6158854171875 0.5869140625 0.6015625 0.6162109375 0.6087239578125 0.6650390625 0.6266276046875 0.6748046875 0.6302083328125 0.6416015625 0.6534830734375 0.650390625 0.6839192703125 0.6474609375 0.7125651046875 0.5966796875 0.73046875 0.5771484375 0.7483723953125 0.5693359375 0.74658203125 0.564453125 0.7340494796875 0.5634765625
2 0.880859375 0.5810546875 0.880859375 0.6064453125 0.85400390625 0.607421875 0.8414713546874999 0.6181640625 0.8844401046874999 0.6240234375 0.8880208328125001 0.6455078125 0.8701171875 0.6728515625 0.8933919265625001 0.68359375 0.9309895828125001 0.6865234375 0.9274088546874999 0.7197265625 0.9811197921874999 0.7197265625 0.9990234375 0.7158203125 1 0.5302734375 0.9900716140625001 0.521484375 0.9542643234374999 0.521484375 0.92919921875 0.52734375 0.9095052078125001 0.5400390625 0.90234375 0.5615234375 0.880859375 0.5810546875
2 0.3759765625 0.8681640625 0.3759765625 0.8408203125 0.44580078125 0.806640625 0.4619140625 0.8564453125 0.4744466140625 0.861328125 0.494140625 0.8525390625 0.5657552078125 0.7705078125 0.5908203125 0.7080078125 0.5836588546875 0.6748046875 0.5281575515625 0.638671875 0.4314778640625 0.62109375 0.3240559890625 0.638671875 0.2703450515625 0.654296875 0.1969401046875 0.6884765625 0.1199544265625 0.740234375 0.0751953125 0.7587890625 0.0537109375 0.7841796875 0.0107421875 0.8134765625 0.0035807296875 0.8271484375 0.0035807296875 0.9541015625 0.007161457812499999 0.9658203125 0.0250651046875 0.9755859375 0.0250651046875 0.9990234375 0.1539713546875 0.9990234375 0.1754557296875 0.9873046875 0.1790364578125 0.9755859375 0.19873046875 0.958984375 0.24527994843749998 0.943359375 0.2775065109375 0.92578125 0.32763671875 0.9140625 0.3509114578125 0.8994140625 0.3759765625 0.8681640625
2 0.1378580734375 0.61328125 0.06982421875 0.611328125 0.0340169265625 0.623046875 0 0.6455078125 0.0035807296875 0.8115234375 0.0393880203125 0.7900390625 0.064453125 0.7626953125 0.1360677078125 0.7294921875 0.21842447968749998 0.6728515625 0.21484375 0.6494140625 0.20052083281250002 0.6337890625 0.1700846359375 0.619140625 0.1378580734375 0.61328125