2 0.5174153640625 0.525390625 0.4064127609375 0.521484375 0.3527018234375 0.52734375 0.22737630156250002 0.552734375 0.1844075515625 0.56640625 0.1271158859375 0.595703125 0.06087239531250001 0.5966796875 0.07877604218749999 0.6064453125 0.08772786406250001 0.619140625 0.1736653640625 0.619140625 0.21305338593749998 0.626953125 0.23990885468749998 0.6435546875 0.2560221359375 0.666015625 0.2775065109375 0.658203125 0.29541015625 0.66015625 0.32763671875 0.654296875 0.3401692703125 0.6494140625 0.3419596359375 0.634765625 0.38134765625 0.6328125 0.3956705734375 0.640625 0.41357421875 0.640625 0.43505859375 0.638671875 0.4601236984375 0.626953125 0.4923502609375 0.626953125 0.4869791671875 0.6357421875 0.51025390625 0.63671875 0.5227864578125 0.6435546875 0.5227864578125 0.6689453125 0.5514322921875 0.6845703125 0.5550130203125 0.6630859375 0.5693359375 0.6455078125 0.5657552078125 0.6337890625 0.6051432296875 0.6044921875 0.6087239578125 0.5830078125 0.5908203125 0.5517578125 0.5496419265625 0.533203125 0.5174153640625 0.525390625
2 0.4404296875 0.8232421875 0.4261067703125 0.8779296875 0.4153645828125 0.9052734375 0.3938802078125 0.9248046875 0.3938802078125 0.9384765625 0.4207356765625 0.939453125 0.4368489578125 0.9189453125 0.451171875 0.9130859375 0.4833984375 0.8505859375 0.537109375 0.8037109375 0.5621744796875 0.7431640625 0.5621744796875 0.7138671875 0.5478515625 0.6884765625 0.5174153640625 0.669921875 0.48876953125 0.66015625 0.4099934890625 0.646484375 0.3885091140625 0.646484375 0.28466796875 0.662109375 0.1736653640625 0.69921875 0.08772786406250001 0.75 0.0232747390625 0.7734375 0.0035807296875 0.7861328125 0.0035807296875 0.9990234375 0.21484375 0.9990234375 0.236328125 0.9853515625 0.2542317703125 0.9638671875 0.2721354171875 0.9267578125 0.2757161453125 0.8974609375 0.34375 0.8642578125 0.4010416671875 0.8212890625 0.4314778640625 0.806640625 0.4404296875 0.8232421875
2 0.05908203125 0.630859375 0 0.6650390625 0.0035807296875 0.7802734375 0.07340494843749999 0.755859375 0.1700846359375 0.69921875 0.2470703125 0.6708984375 0.23990885468749998 0.6455078125 0.22021484375 0.630859375 0.16650390625 0.619140625 0.10205078125 0.619140625 0.05908203125 0.630859375
2 0.20231119843749998 0.5 0.1163736984375 0.501953125 0.05192057343749999 0.4921875 0.0411783859375 0.494140625 0.04296875 0.5009765625 0.0340169265625 0.505859375 0 0.5126953125 0.007161457812499999 0.5361328125 0.0196940109375 0.544921875 0.0340169265625 0.544921875 0.064453125 0.5634765625 0.07340494843749999 0.59375 0.12890625 0.5927734375 0.17724609375 0.568359375 0.23811848906250002 0.548828125 0.3885091140625 0.5234375 0.4010416671875 0.5185546875 0.3974609375 0.5126953125 0.3312174484375 0.49609375 0.23095703125 0.494140625 0.20231119843749998 0.5
2 0.40283203125 0.509765625 0.4010416671875 0.5146484375 0.4153645828125 0.5166015625 0.4117838546875 0.5107421875 0.4296875 0.4892578125 0.3849283859375 0.47265625 0.3025716140625 0.470703125 0.24886067656250002 0.48046875 0.22916666718749998 0.4912109375 0.3312174484375 0.49609375 0.40283203125 0.509765625
2 0.7268880203125 0.5439453125 0.7340494796875 0.5322265625 0.7125651046875 0.5087890625 0.6892903640625 0.5 0.6463216140625 0.501953125 0.623046875 0.5126953125 0.6123046875 0.5400390625 0.5979817703125 0.5537109375 0.6123046875 0.5869140625 0.6123046875 0.6689453125 0.623046875 0.6708984375 0.6319986984375 0.658203125 0.6678059890625 0.66015625 0.6857096359375 0.642578125 0.7054036453125 0.6513671875 0.7054036453125 0.6376953125 0.7412109375 0.6025390625 0.7447916671875 0.5830078125 0.7268880203125 0.5439453125
2 0.4225260421875 0.5185546875 0.5066731765625 0.5234375 0.5711263015625 0.541015625 0.5908203125 0.5400390625 0.5872395828125 0.5283203125 0.6123046875 0.5205078125 0.6158854171875 0.5107421875 0.5603841140625 0.486328125 0.5388997390625 0.482421875 0.5066731765625 0.482421875 0.47802734375 0.48828125 0.4225260421875 0.5185546875
2 0.57470703125 0.4921875 0.59619140625 0.5 0.6105143234375 0.5 0.6266276046875 0.5087890625 0.6875 0.4931640625 0.666015625 0.4599609375 0.59619140625 0.431640625 0.53173828125 0.431640625 0.5120442703125 0.4462890625 0.515625 0.4775390625 0.56396484375 0.484375 0.57470703125 0.4921875
2 0.67138671875 0.462890625 0.72509765625 0.462890625 0.7197265625 0.4775390625 0.7286783859375 0.48046875 0.7412109375 0.4580078125 0.7609049484375 0.44921875 0.7662760421875 0.4794921875 0.7734375 0.4814453125 0.794921875 0.4384765625 0.794921875 0.4248046875 0.7752278640625 0.41015625 0.7215169265625 0.408203125 0.6642252609375 0.421875 0.6140950515625 0.42578125 0.5979817703125 0.4326171875 0.67138671875 0.462890625
2 0.623046875 0.4091796875 0.6337890625 0.3994140625 0.6337890625 0.3876953125 0.6105143234375 0.373046875 0.5603841140625 0.369140625 0.5263671875 0.3818359375 0.5263671875 0.4072265625 0.5335286453125 0.4287109375 0.5406901046875 0.4287109375 0.5442708328125 0.4130859375 0.55322265625 0.41015625 0.57470703125 0.41015625 0.5890299484375 0.427734375 0.5908203125 0.4150390625 0.6033528640625 0.408203125 0.6140950515625 0.4140625 0.623046875 0.4091796875
2 0.6910807296875 0.4990234375 0.7197265625 0.5126953125 0.7340494796875 0.5283203125 0.73046875 0.5517578125 0.751953125 0.6005859375 0.7644856765625 0.609375 0.7698567703125 0.6064453125 0.7644856765625 0.583984375 0.7967122390625 0.59375 0.8092447921874999 0.6025390625 0.8020833328125001 0.6240234375 0.8199869796874999 0.6279296875 0.8450520828125001 0.5556640625 0.859375 0.5478515625 0.8486328125 0.5439453125 0.837890625 0.5283203125 0.7931315109375 0.50390625 0.75732421875 0.4921875 0.7107747390625 0.490234375 0.6910807296875 0.4990234375