2 0.4189453125 0.5400390625 0.4296875 0.5224609375 0.4099934890625 0.501953125 0.35986328125 0.490234375 0.23811848906250002 0.4921875 0.1271158859375 0.513671875 0.06803385468749999 0.5400390625 0.05729166718749999 0.5498046875 0.05729166718749999 0.5615234375 0.08235677031250001 0.5810546875 0.08951822968749999 0.6025390625 0.1056315109375 0.603515625 0.1378580734375 0.5859375 0.1647135421875 0.6103515625 0.1647135421875 0.6279296875 0.1539713546875 0.6435546875 0.1682942703125 0.6435546875 0.1897786453125 0.6337890625 0.1969401046875 0.5908203125 0.20589192656250002 0.58203125 0.22379557343749998 0.58203125 0.23095703125 0.576171875 0.2882486984375 0.578125 0.3419596359375 0.556640625 0.4189453125 0.5400390625
2 0.7913411453125 0.5537109375 0.7000325515625 0.52734375 0.5568033859375 0.521484375 0.3741861984375 0.548828125 0.28466796875 0.580078125 0.2470703125 0.5810546875 0.2721354171875 0.5927734375 0.2721354171875 0.6025390625 0.2649739578125 0.6220703125 0.236328125 0.6455078125 0.24169921875 0.65234375 0.27392578125 0.65625 0.37060546875 0.642578125 0.365234375 0.6630859375 0.3473307296875 0.6787109375 0.3473307296875 0.6845703125 0.3562825515625 0.6875 0.3831380203125 0.6748046875 0.3938802078125 0.6552734375 0.38671875 0.6455078125 0.40283203125 0.63671875 0.42431640625 0.63671875 0.4547526046875 0.6513671875 0.4654947921875 0.6787109375 0.4619140625 0.6943359375 0.47265625 0.6962890625 0.4905598953125 0.6904296875 0.4905598953125 0.6611328125 0.5138346359375 0.62890625 0.59619140625 0.630859375 0.62841796875 0.625 0.67138671875 0.62890625 0.7913411453125 0.5673828125 0.7913411453125 0.5537109375
2 0.4225260421875 0.5380859375 0.4440104171875 0.5380859375 0.53173828125 0.5234375 0.5997721359375 0.517578125 0.6015625 0.4970703125 0.5568033859375 0.4765625 0.5138346359375 0.478515625 0.48876953125 0.486328125 0.4404296875 0.5146484375 0.4225260421875 0.5380859375
2 0.5693359375 0.4814453125 0.5979817703125 0.4912109375 0.6123046875 0.5107421875 0.64990234375 0.486328125 0.6964518234375 0.482421875 0.7018229171875 0.4775390625 0.6892903640625 0.470703125 0.64990234375 0.462890625 0.62841796875 0.4609375 0.5890299484375 0.466796875 0.5693359375 0.4814453125
2 0.7985026046875 0.5517578125 0.7770182296875 0.5107421875 0.74658203125 0.4921875 0.7071940109375 0.482421875 0.64990234375 0.486328125 0.6051432296875 0.5185546875 0.71435546875 0.529296875 0.7716471359375 0.55078125 0.7985026046875 0.5517578125
2 0.4225260421875 0.5146484375 0.4332682296875 0.5185546875 0.47265625 0.4931640625 0.4601236984375 0.482421875 0.41357421875 0.470703125 0.31689453125 0.474609375 0.2470703125 0.4892578125 0.35986328125 0.490234375 0.4171549484375 0.501953125 0.4225260421875 0.5146484375
2 0.5281575515625 0.400390625 0.5013020828125 0.4150390625 0.4977213546875 0.4599609375 0.5030924484375 0.46484375 0.5120442703125 0.4619140625 0.52099609375 0.4453125 0.5442708328125 0.4560546875 0.5442708328125 0.4697265625 0.55859375 0.4755859375 0.5675455734375 0.462890625 0.5926106765625 0.466796875 0.6248372390625 0.4609375 0.6337890625 0.4423828125 0.6051432296875 0.4189453125 0.57470703125 0.40625 0.55322265625 0.400390625 0.5281575515625 0.400390625
2 0.7161458328125 0.4267578125 0.7018229171875 0.4580078125 0.6910807296875 0.4658203125 0.7018229171875 0.4775390625 0.7286783859375 0.486328125 0.76806640625 0.462890625 0.7770182296875 0.4853515625 0.7877604171875 0.4892578125 0.7841796875 0.4716796875 0.7985026046875 0.4658203125 0.7985026046875 0.4443359375 0.8128255203125001 0.4287109375 0.8128255203125001 0.4130859375 0.80029296875 0.400390625 0.7716471359375 0.396484375 0.7161458328125 0.4267578125
2 0.6839192703125 0.3681640625 0.7161458328125 0.3603515625 0.7197265625 0.3447265625 0.7000325515625 0.333984375 0.67138671875 0.333984375 0.6588541671875 0.3486328125 0.6624348953125 0.3642578125 0.67138671875 0.369140625 0.6839192703125 0.3681640625
2 0.0017903640625000002 0.556640625 0 0.6572265625 0.07340494843749999 0.66796875 0.1145833328125 0.6884765625 0.1486002609375 0.724609375 0.1826171875 0.7255859375 0.171875 0.7099609375 0.1754557296875 0.6767578125 0.1432291671875 0.6396484375 0.0859375 0.6025390625 0.08235677031250001 0.5849609375 0.064453125 0.5673828125 0.0304361984375 0.556640625 0.0017903640625000002 0.556640625
2 0.0035807296875 0.7509765625 0.05192057343749999 0.744140625 0.1468098953125 0.7216796875 0.1217447921875 0.6943359375 0.09488932343749999 0.677734375 0.06266276093749999 0.666015625 0.0196940109375 0.66015625 0 0.6611328125 0.0035807296875 0.7509765625
2 0 0.9677734375 0.0179036453125 0.9697265625 0.11279296875 0.9296875 0.1808268234375 0.890625 0.3473307296875 0.8154296875 0.3473307296875 0.8017578125 0.3294270828125 0.7763671875 0.27392578125 0.7421875 0.20589192656250002 0.73046875 0.13427734375 0.7265625 0 0.7548828125 0 0.9677734375
2 0.5353190109375 0.76171875 0.38134765625 0.806640625 0.2703450515625 0.8515625 0.16650390625 0.900390625 0.1056315109375 0.935546875 0.01611328125 0.970703125 0.0035807296875 0.9794921875 0 0.9990234375 0.6570638015625 1 0.67138671875 0.986328125 0.6857096359375 1 0.7591145828125 0.9990234375 0.7841796875 0.9677734375 0.8056640625 0.9189453125 0.8092447921874999 0.8857421875 0.8020833328125001 0.8466796875 0.7913411453125 0.8271484375 0.7591145828125 0.7998046875 0.6749674484375 0.759765625 0.5353190109375 0.76171875
2 0.9990234375 0.6396484375 0.9990234375 0.5595703125 0.9363606765625001 0.54296875 0.8504231765625001 0.55078125 0.7716471359375 0.578125 0.6695963546875 0.6337890625 0.6588541671875 0.6513671875 0.6624348953125 0.6826171875 0.6015625 0.7060546875 0.61767578125 0.712890625 0.6534830734375 0.70703125 0.666015625 0.7119140625 0.6731770828125 0.7236328125 0.6982421875 0.7333984375 0.7054036453125 0.7646484375 0.71435546875 0.7734375 0.72509765625 0.7734375 0.77880859375 0.740234375 0.7967122390625 0.73828125 0.8020833328125001 0.7490234375 0.7841796875 0.7978515625 0.7985026046875 0.8154296875 0.81640625 0.8193359375 0.8271484375 0.8076171875 0.8199869796874999 0.7861328125 0.8343098953125001 0.7451171875 0.8772786453125001 0.6845703125 0.9220377609374999 0.671875 0.9685872390625001 0.650390625 0.9864908859374999 0.6484375 0.9990234375 0.6396484375
2 0.8736979171874999 0.9150390625 0.9274088546874999 0.9990234375 0.9990234375 0.9990234375 1 0.6572265625 0.9972330734374999 0.6484375 0.9703776046874999 0.6630859375 0.9488932296874999 0.6845703125 0.923828125 0.7607421875 0.9202473953125001 0.7978515625 0.8772786453125001 0.8544921875 0.8736979171874999 0.9150390625