2 0.5353190109375 0.529296875 0.4708658859375 0.521484375 0.3562825515625 0.525390625 0.22379557343749998 0.552734375 0.17724609375 0.568359375 0.1414388015625 0.58984375 0.08414713593749999 0.587890625 0.07877604218749999 0.5908203125 0.09488932343749999 0.6015625 0.12353515625 0.6015625 0.1378580734375 0.623046875 0.1844075515625 0.625 0.22021484375 0.634765625 0.2542317703125 0.6513671875 0.2596028640625 0.669921875 0.2649739578125 0.6455078125 0.2775065109375 0.64453125 0.2918294265625 0.67578125 0.3401692703125 0.6650390625 0.3258463546875 0.6572265625 0.34912109375 0.6328125 0.4099934890625 0.6328125 0.46728515625 0.623046875 0.4923502609375 0.623046875 0.5013020828125 0.6279296875 0.5013020828125 0.6376953125 0.5299479171875 0.6591796875 0.5299479171875 0.6884765625 0.5227864578125 0.6943359375 0.5227864578125 0.7001953125 0.5299479171875 0.7001953125 0.5514322921875 0.6904296875 0.5514322921875 0.6650390625 0.5657552078125 0.6455078125 0.5657552078125 0.6298828125 0.5944010421875 0.6083984375 0.6087239578125 0.5849609375 0.5944010421875 0.5478515625 0.5353190109375 0.529296875
2 0.4225260421875 0.5166015625 0.52099609375 0.525390625 0.5711263015625 0.541015625 0.5872395828125 0.5400390625 0.5872395828125 0.5302734375 0.5997721359375 0.529296875 0.6158854171875 0.5166015625 0.6123046875 0.4990234375 0.5603841140625 0.484375 0.5281575515625 0.482421875 0.49951171875 0.486328125 0.4225260421875 0.5166015625
2 0.859375 0.6220703125 0.8629557296874999 0.6396484375 0.8987630203125001 0.6904296875 0.9327799484374999 0.703125 0.9435221359374999 0.71484375 0.9560546875 0.7138671875 0.9775390625 0.7080078125 0.9990234375 0.6806640625 1 0.5380859375 0.99365234375 0.529296875 0.9793294265625001 0.52734375 0.93994140625 0.52734375 0.8987630203125001 0.5419921875 0.859375 0.6220703125
2 0.6248372390625 0.513671875 0.6015625 0.5341796875 0.6087239578125 0.5634765625 0.6051432296875 0.6142578125 0.6158854171875 0.6279296875 0.6123046875 0.6533203125 0.6212565109375 0.671875 0.63916015625 0.66015625 0.6678059890625 0.677734375 0.7018229171875 0.6787109375 0.7197265625 0.6669921875 0.7268880203125 0.6513671875 0.7626953125 0.6337890625 0.7734375 0.5830078125 0.751953125 0.5283203125 0.7179361984375 0.509765625 0.6678059890625 0.50390625 0.6248372390625 0.513671875
2 0.8181966140625001 0.521484375 0.74658203125 0.49609375 0.7107747390625 0.494140625 0.6892903640625 0.498046875 0.6803385421875 0.5029296875 0.6857096359375 0.505859375 0.7215169265625 0.509765625 0.751953125 0.5283203125 0.7734375 0.5908203125 0.8056640625 0.5986328125 0.8020833328125001 0.6201171875 0.81103515625 0.62890625 0.8235677078125001 0.6279296875 0.8235677078125001 0.6005859375 0.8468424484374999 0.59765625 0.8557942703125001 0.5908203125 0.8450520828125001 0.5537109375 0.859375 0.5478515625 0.8665364578125001 0.5322265625 0.8396809890625001 0.53515625 0.8181966140625001 0.521484375
2 0.515625 0.4794921875 0.58544921875 0.48828125 0.6033528640625 0.498046875 0.6140950515625 0.498046875 0.6266276046875 0.5107421875 0.6678059890625 0.50390625 0.6982421875 0.4931640625 0.666015625 0.4599609375 0.59619140625 0.431640625 0.5460611984375 0.4296875 0.5245768234375 0.43359375 0.5084635421875 0.4482421875 0.515625 0.4794921875
2 0.5944010421875 0.4306640625 0.6678059890625 0.462890625 0.7215169265625 0.462890625 0.7215169265625 0.478515625 0.73046875 0.4775390625 0.7447916671875 0.4560546875 0.7609049484375 0.451171875 0.7626953125 0.4775390625 0.7734375 0.4833984375 0.7805989578125 0.4560546875 0.794921875 0.4384765625 0.794921875 0.4228515625 0.7716471359375 0.408203125 0.7215169265625 0.408203125 0.6642252609375 0.421875 0.6140950515625 0.423828125 0.5944010421875 0.4306640625
2 0.6158854171875 0.4228515625 0.623046875 0.3857421875 0.6105143234375 0.376953125 0.56396484375 0.369140625 0.5192057296875 0.3857421875 0.5263671875 0.4287109375 0.5335286453125 0.4306640625 0.537109375 0.4189453125 0.5496419265625 0.412109375 0.5621744796875 0.4150390625 0.56396484375 0.427734375 0.59619140625 0.408203125 0.6051432296875 0.4111328125 0.6087239578125 0.4228515625 0.6158854171875 0.4228515625
2 0 0.5302734375 0.014322917187500001 0.5458984375 0.06087239531250001 0.5634765625 0.06087239531250001 0.5810546875 0.08414713593749999 0.587890625 0.1038411453125 0.5869140625 0.1486002609375 0.5859375 0.1844075515625 0.564453125 0.22737630156250002 0.55078125 0.34912109375 0.525390625 0.3849283859375 0.5234375 0.4010416671875 0.5185546875 0.4010416671875 0.5126953125 0.35986328125 0.5 0.3025716140625 0.494140625 0.23811848906250002 0.494140625 0.1521809890625 0.501953125 0.04833984375 0.494140625 0.03759765625 0.505859375 0 0.5126953125 0 0.5302734375
2 0.0035807296875 0.8037109375 0.1092122390625 0.74609375 0.2578125 0.6884765625 0.2470703125 0.6552734375 0.21305338593749998 0.6328125 0.17724609375 0.625 0.09488932343749999 0.626953125 0 0.6630859375 0.0035807296875 0.8037109375
2 0.3938802078125 0.9150390625 0.3974609375 0.9423828125 0.4099934890625 0.9453125 0.4368489578125 0.9267578125 0.4440104171875 0.8798828125 0.4690755203125 0.8466796875 0.5084635421875 0.8134765625 0.5192057296875 0.7880859375 0.5120442703125 0.7099609375 0.494140625 0.6923828125 0.4422200515625 0.669921875 0.40283203125 0.666015625 0.3312174484375 0.669921875 0.24169921875 0.6953125 0.11279296875 0.74609375 0.0035807296875 0.8076171875 0.0035807296875 0.9990234375 0.1897786453125 0.9990234375 0.22737630156250002 0.962890625 0.2989908859375 0.935546875 0.33837890625 0.912109375 0.3723958328125 0.9033203125 0.3902994796875 0.8681640625 0.4064127609375 0.853515625 0.4117838546875 0.8740234375 0.3938802078125 0.9150390625