2 0.6857096359375 0.5 0.708984375 0.5166015625 0.7054036453125 0.5419921875 0.7197265625 0.5576171875 0.7286783859375 0.560546875 0.7394205734375 0.5546875 0.7483723953125 0.5576171875 0.7268880203125 0.5810546875 0.7376302078125 0.6083984375 0.7626953125 0.6123046875 0.7483723953125 0.5888671875 0.7537434890625 0.583984375 0.7859700515625 0.595703125 0.7967122390625 0.59375 0.7985026046875 0.6142578125 0.8074544265625001 0.62109375 0.8199869796874999 0.6201171875 0.8199869796874999 0.5556640625 0.8414713546874999 0.5439453125 0.7967122390625 0.513671875 0.74658203125 0.49609375 0.70361328125 0.48828125 0.6749674484375 0.490234375 0.6695963546875 0.4970703125 0.6857096359375 0.5
2 0.8844401046874999 0.5732421875 0.8844401046874999 0.5966796875 0.8629557296874999 0.6025390625 0.8683268234374999 0.609375 0.8844401046874999 0.6123046875 0.8951822921874999 0.6259765625 0.90234375 0.6689453125 0.9309895828125001 0.6845703125 0.9309895828125001 0.7158203125 0.9488932296874999 0.7158203125 0.97216796875 0.70703125 0.9990234375 0.7060546875 1 0.5341796875 0.99365234375 0.521484375 0.9578450515625001 0.515625 0.9256184890625001 0.521484375 0.9059244796874999 0.5322265625 0.8844401046874999 0.5732421875
2 0.6355794265625 0.494140625 0.6140950515625 0.5 0.5872395828125 0.5166015625 0.5836588546875 0.5400390625 0.5890299484375 0.54296875 0.6033528640625 0.537109375 0.6158854171875 0.5400390625 0.6087239578125 0.5634765625 0.6266276046875 0.5908203125 0.6194661453125 0.6064453125 0.6266276046875 0.6201171875 0.66064453125 0.640625 0.6749674484375 0.64453125 0.7054036453125 0.6435546875 0.7054036453125 0.6025390625 0.7447916671875 0.5595703125 0.7322591140625 0.556640625 0.72509765625 0.560546875 0.7054036453125 0.5439453125 0.7054036453125 0.5126953125 0.6642252609375 0.494140625 0.6355794265625 0.494140625
2 0.5496419265625 0.482421875 0.6051432296875 0.5009765625 0.6767578125 0.4873046875 0.666015625 0.4619140625 0.5997721359375 0.431640625 0.5353190109375 0.431640625 0.515625 0.4443359375 0.515625 0.4775390625 0.5245768234375 0.482421875 0.5496419265625 0.482421875
2 0.6570638015625 0.455078125 0.67138671875 0.466796875 0.6785481765625 0.462890625 0.7322591140625 0.458984375 0.72509765625 0.478515625 0.7376302078125 0.4755859375 0.751953125 0.4541015625 0.7609049484375 0.451171875 0.7698567703125 0.4814453125 0.7770182296875 0.4814453125 0.7841796875 0.4755859375 0.7841796875 0.4541015625 0.794921875 0.4423828125 0.794921875 0.4248046875 0.7752278640625 0.41015625 0.71435546875 0.408203125 0.6015625 0.4306640625 0.6570638015625 0.455078125
2 0.6337890625 0.4208984375 0.64453125 0.4208984375 0.6481119796875 0.3837890625 0.62841796875 0.37109375 0.58544921875 0.365234375 0.5335286453125 0.3779296875 0.5406901046875 0.4033203125 0.5621744796875 0.4267578125 0.5603841140625 0.40625 0.5818684890625 0.40625 0.5872395828125 0.4228515625 0.59619140625 0.423828125 0.5979817703125 0.4091796875 0.60693359375 0.404296875 0.6248372390625 0.404296875 0.6337890625 0.4208984375
2 0.52099609375 0.52734375 0.56396484375 0.537109375 0.5764973953125 0.5361328125 0.5944010421875 0.5068359375 0.5908203125 0.4990234375 0.5388997390625 0.482421875 0.4816080734375 0.486328125 0.4493815109375 0.498046875 0.4225260421875 0.5185546875 0.42431640625 0.5234375 0.52099609375 0.52734375
2 0.3956705734375 0.509765625 0.40283203125 0.521484375 0.4189453125 0.5205078125 0.4332682296875 0.5087890625 0.4296875 0.4912109375 0.3741861984375 0.47265625 0.2989908859375 0.46875 0.23453776093749998 0.482421875 0.21484375 0.4951171875 0.3347981765625 0.498046875 0.3956705734375 0.509765625
2 0.21305338593749998 0.49609375 0.18798828125 0.50390625 0.1414388015625 0.501953125 0.11279296875 0.494140625 0.08056640625 0.47265625 0.0751953125 0.4892578125 0.0465494796875 0.5087890625 0.0537109375 0.5458984375 0.06803385468749999 0.5556640625 0.0751953125 0.5869140625 0.1056315109375 0.58203125 0.1199544265625 0.58984375 0.12890625 0.5888671875 0.17724609375 0.568359375 0.2560221359375 0.544921875 0.3562825515625 0.52734375 0.3956705734375 0.525390625 0.4010416671875 0.5185546875 0.3849283859375 0.5078125 0.33837890625 0.498046875 0.21305338593749998 0.49609375
2 0.5836588546875 0.6005859375 0.5872395828125 0.6162109375 0.5997721359375 0.6171875 0.623046875 0.6005859375 0.6194661453125 0.5751953125 0.6087239578125 0.5654296875 0.6123046875 0.5400390625 0.6033528640625 0.537109375 0.59619140625 0.54296875 0.5782877609375 0.54296875 0.5138346359375 0.52734375 0.39208984375 0.525390625 0.25244140625 0.546875 0.1808268234375 0.568359375 0.1396484375 0.5869140625 0.1217447921875 0.5986328125 0.1217447921875 0.6064453125 0.1682942703125 0.6201171875 0.20231119843749998 0.65625 0.23095703125 0.642578125 0.24527994843749998 0.642578125 0.2542317703125 0.6787109375 0.2649739578125 0.6787109375 0.3294270828125 0.6494140625 0.3347981765625 0.634765625 0.3741861984375 0.634765625 0.4851888015625 0.607421875 0.55322265625 0.615234375 0.5603841140625 0.595703125 0.57470703125 0.595703125 0.5836588546875 0.6005859375
2 0.3723958328125 0.9091796875 0.3795572921875 0.9013671875 0.3723958328125 0.8974609375 0.38671875 0.8935546875 0.4046223953125 0.8759765625 0.4475911453125 0.8173828125 0.4905598953125 0.8017578125 0.5568033859375 0.755859375 0.5836588546875 0.7666015625 0.5944010421875 0.8193359375 0.5997721359375 0.822265625 0.6194661453125 0.8193359375 0.6194661453125 0.7666015625 0.64453125 0.7236328125 0.6409505203125 0.6787109375 0.6158854171875 0.6435546875 0.5675455734375 0.619140625 0.4851888015625 0.609375 0.4314778640625 0.619140625 0.3670247390625 0.638671875 0.2506510421875 0.6884765625 0.06803385468749999 0.8056640625 0.0393880203125 0.8447265625 0.0393880203125 0.8701171875 0.0537109375 0.8837890625 0.01611328125 0.890625 0.0035807296875 0.8974609375 0.0035807296875 0.9189453125 0.04296875 0.9404296875 0.0537109375 0.9990234375 0.193359375 0.9990234375 0.2470703125 0.9638671875 0.2470703125 0.9404296875 0.2560221359375 0.9296875 0.2918294265625 0.921875 0.3079427078125 0.9072265625 0.33837890625 0.89453125 0.35986328125 0.8984375 0.3723958328125 0.9091796875
2 0 0.8662109375 0.0179036453125 0.8681640625 0.0322265625 0.8603515625 0.0286458328125 0.8466796875 0.064453125 0.8037109375 0.0966796875 0.7744140625 0.1611328125 0.7412109375 0.1861979171875 0.7216796875 0.1969401046875 0.6943359375 0.20052083281250002 0.6630859375 0.1861979171875 0.6357421875 0.1521809890625 0.615234375 0.1163736984375 0.607421875 0.04833984375 0.607421875 0 0.6240234375 0 0.8662109375
2 0.9990234375 0.9013671875 0.9471028640625001 0.892578125 0.89697265625 0.89453125 0.8575846359374999 0.90234375 0.6409505203125 0.9970703125 0.6427408859375 1 0.9990234375 0.9990234375 0.9990234375 0.9013671875