0 0.3505859375 0.722222221875 0.345703125 0.7274305562500001 0.35546875 0.734375 0.3505859375 0.722222221875
0 0.3896484375 0.49652777812500004 0.408203125 0.4947916671875 0.42578125 0.47743055625 0.4296875 0.390625 0.4033203125 0.3576388890625 0.3408203125 0.3541666671875 0.2939453125 0.375 0.275390625 0.4010416671875 0.2734375 0.453125 0.2783203125 0.46180555625 0.3798828125 0.4791666671875 0.3896484375 0.49652777812500004
0 0.671875 0.73984375 0.7609375 0.73984375 0.7609375 0.64921875 0.671875 0.64921875 0.671875 0.73984375
0 0.546875 0.76953125 0.6359375 0.76953125 0.6359375 0.67890625 0.546875 0.67890625 0.546875 0.76953125
0 0.32421875 0.79921875 0.45078125 0.79921875 0.45078125 0.69453125 0.32421875 0.69453125 0.32421875 0.79921875
0 0.25703125 0.6234375 0.33359375 0.6234375 0.33359375 0.5359375 0.25703125 0.5359375 0.25703125 0.6234375
0 0.34375 0.60390625 0.40625 0.60390625 0.40625 0.54453125 0.34375 0.54453125 0.34375 0.60390625
0 0.29453125 0.68359375 0.40234375 0.68359375 0.40234375 0.62890625 0.29453125 0.62890625 0.29453125 0.68359375
0 0.3921875 0.71484375 0.4796875 0.71484375 0.4796875 0.62890625 0.3921875 0.62890625 0.3921875 0.71484375
0 0.47890625 0.73828125 0.56484375 0.73828125 0.56484375 0.63984375 0.47890625 0.63984375 0.47890625 0.73828125
0 0.4234375 0.596875 0.484375 0.596875 0.484375 0.5421875 0.4234375 0.5421875 0.4234375 0.596875
0 0.48515625 0.609375 0.53671875 0.609375 0.53671875 0.5421875 0.48515625 0.5421875 0.48515625 0.609375
0 0.58671875 0.64453125 0.64921875 0.64453125 0.64921875 0.58359375 0.58671875 0.58359375 0.58671875 0.64453125
0 0.7640625 0.62109375 0.790625 0.62109375 0.790625 0.53984375 0.7640625 0.53984375 0.7640625 0.62109375
0 0.56796875 0.5484375 0.60390625 0.5484375 0.60390625 0.50625 0.56796875 0.50625 0.56796875 0.5484375
0 0.28828125 0.7515625 0.37265625 0.7515625 0.37265625 0.675 0.28828125 0.675 0.28828125 0.7515625