0 0.29973281875 0.6889814249999999 0.2981617546875 0.6759789781250001 0.2920973046875 0.679746078125 0.29973281875 0.6889814249999999
0 0.43415159374999995 0.45899036562499995 0.4603916734375 0.3761536484375 0.44346035937500006 0.33746718124999997 0.3839886734375 0.3179370828125 0.3333188359375 0.32592839375 0.3086563046875 0.34628040625 0.2932895734375 0.39608353749999997 0.2957593140625 0.40573207499999997 0.3893677703125 0.4487879296875 0.394307253125 0.46808500468750003 0.41267904375000003 0.47121035781250004 0.43415159374999995 0.45899036562499995
0 0.60390625 0.79921875 0.71328125 0.79921875 0.71328125 0.68828125 0.60390625 0.68828125 0.60390625 0.79921875
0 0.47578125 0.7953125 0.58515625 0.7953125 0.58515625 0.6859375 0.47578125 0.6859375 0.47578125 0.7953125
0 0.253125 0.77578125 0.4015625 0.77578125 0.4015625 0.64296875 0.253125 0.64296875 0.253125 0.77578125
0 0.23359375 0.57578125 0.33046875 0.57578125 0.33046875 0.47265625 0.23359375 0.47265625 0.23359375 0.57578125
0 0.32265625 0.57578125 0.39765625 0.57578125 0.39765625 0.50234375 0.32265625 0.50234375 0.32265625 0.57578125
0 0.25390625 0.6515625 0.37265625 0.6515625 0.37265625 0.571875 0.25390625 0.571875 0.25390625 0.6515625
0 0.340625 0.7015625 0.446875 0.7015625 0.446875 0.596875 0.340625 0.596875 0.340625 0.7015625
0 0.4171875 0.74765625 0.5265625 0.74765625 0.5265625 0.62890625 0.4171875 0.62890625 0.4171875 0.74765625
0 0.40078125 0.58984375 0.47421875 0.58984375 0.47421875 0.52109375 0.40078125 0.52109375 0.40078125 0.58984375
0 0.45703125 0.615625 0.52421875 0.615625 0.52421875 0.5359375 0.45703125 0.5359375 0.45703125 0.615625
0 0.54609375 0.678125 0.62265625 0.678125 0.62265625 0.603125 0.54609375 0.603125 0.54609375 0.678125
0 0.72421875 0.69140625 0.76953125 0.69140625 0.76953125 0.60703125 0.72421875 0.60703125 0.72421875 0.69140625
0 0.553125 0.5734375 0.5984375 0.5734375 0.5984375 0.5234375 0.553125 0.5234375 0.553125 0.5734375
0 0.23046875 0.71015625 0.33203125 0.71015625 0.33203125 0.61484375 0.23046875 0.61484375 0.23046875 0.71015625