0 0.4396480546875 0.7686606890625 0.4310747078125 0.7587596999999999 0.42815358437500006 0.7652739640624999 0.4396480546875 0.7686606890625
0 0.4224769015625 0.5028234328125001 0.3979092078125 0.41947541718750003 0.362239315625 0.39687075312500003 0.30201395937500003 0.4139357125 0.2644754453125 0.448895021875 0.25540998125000003 0.4795587171875 0.270519940625 0.5294403515624999 0.27796284375 0.536058290625 0.3796442984375 0.519408028125 0.39453010312500003 0.5326439046875 0.4115086828125 0.5249615640624999 0.4224769015625 0.5028234328125001
0 0.7109375 0.6703125 0.825 0.6703125 0.825 0.55625 0.7109375 0.55625 0.7109375 0.6703125
0 0.60234375 0.7390625 0.71640625 0.7390625 0.71640625 0.625 0.60234375 0.625 0.60234375 0.7390625
0 0.39765625 0.83984375 0.55078125 0.83984375 0.55078125 0.70078125 0.39765625 0.70078125 0.39765625 0.83984375
0 0.28203125 0.6953125 0.38203125 0.6953125 0.38203125 0.5890625 0.28203125 0.5890625 0.28203125 0.6953125
0 0.3671875 0.64921875 0.4453125 0.64921875 0.4453125 0.57265625 0.3671875 0.57265625 0.3671875 0.64921875
0 0.3484375 0.73984375 0.4671875 0.73984375 0.4671875 0.65390625 0.3484375 0.65390625 0.3484375 0.73984375
0 0.440625 0.73828125 0.55 0.73828125 0.55 0.62890625 0.440625 0.62890625 0.440625 0.73828125
0 0.525 0.7328125 0.6390625 0.7328125 0.6390625 0.6109375 0.525 0.6109375 0.525 0.7328125
0 0.44140625 0.61640625 0.51640625 0.61640625 0.51640625 0.54453125 0.44140625 0.54453125 0.44140625 0.61640625
0 0.5 0.60859375 0.5703125 0.60859375 0.5703125 0.52734375 0.5 0.52734375 0.5 0.60859375
0 0.60859375 0.60859375 0.68828125 0.60859375 0.68828125 0.53046875 0.60859375 0.53046875 0.60859375 0.60859375
0 0.7625 0.52890625 0.8140625 0.52890625 0.8140625 0.44296875 0.7625 0.44296875 0.7625 0.52890625
0 0.565625 0.5234375 0.6140625 0.5234375 0.6140625 0.471875 0.565625 0.471875 0.565625 0.5234375
0 0.35703125 0.80703125 0.46171875 0.80703125 0.46171875 0.70703125 0.35703125 0.70703125 0.35703125 0.80703125